1.972903319752093099e+00 1.763295722534054200e+00 1.499890701652902170e+00 1.136993383149617287e+00 7.443885566859684833e-01 3.786671991600201181e-01 7.742683626894958371e-02 -1.428099097221557368e-01 -2.821662402102403933e-01 -3.517099567667024695e-01 -3.677172829579091751e-01 -3.470002759278612570e-01 -3.043015522668715001e-01 -2.510048209980558220e-01 -1.951795884804071179e-01 -1.420431725782865251e-01 -9.465004639841695377e-02 -5.445503913428550308e-02 -2.180150157261392593e-02 3.689972850414158928e-03 2.282844548467842516e-02 3.661769089057898691e-02 4.607845665986230049e-02 5.211917003901524875e-02 5.544596367227839356e-02 5.650423887525839878e-02 5.544596367227931644e-02 5.211917003901544998e-02 4.607845665986292499e-02 3.661769089058031917e-02 2.282844548468029172e-02 3.689972850415755307e-03 -2.180150157261148344e-02 -5.445503913428369896e-02 -9.465004639841470557e-02 -1.420431725782850541e-01 -1.951795884804065628e-01 -2.510048209980558220e-01 -3.043015522668727768e-01 -3.470002759278634774e-01 -3.677172829579129498e-01 -3.517099567667079651e-01 -2.821662402102481648e-01 -1.428099097221669778e-01 7.742683626893960558e-02 3.786671991600064069e-01 7.443885566859549385e-01 1.136993383149607073e+00 1.499890701652891734e+00 1.763295722534051757e+00
1.763295722534054200e+00 1.966480686492936503e+00 1.752286227229377991e+00 1.485093991888950082e+00 1.121555591075734659e+00 7.305736319235326404e-01 3.697001952042692774e-01 7.515410104122864643e-02 -1.378423179893047135e-01 -2.710608647624317413e-01 -3.368283670727732493e-01 -3.516691510647842467e-01 -3.319909510036873068e-01 -2.916196364153449405e-01 -2.411481564270701039e-01 -1.880573459437285821e-01 -1.372868918188339116e-01 -9.177451692941238082e-02 -5.297073324893619706e-02 -2.127705822540046018e-02 3.613516331103561012e-03 2.243168118899637256e-02 3.610706725037839820e-02 4.559679375515925809e-02 5.175856942855625725e-02 5.526000233618423574e-02 5.651721574190946007e-02 5.565777965284926521e-02 5.250514922756385067e-02 4.658409509286959987e-02 3.714900734533588267e-02 2.323935727316618627e-02 3.768940106185382673e-03 -2.234252903952572977e-02 -5.598608902262459941e-02 -9.762396639077296212e-02 -1.469635257903723902e-01 -2.025238858969899691e-01 -2.611005046545507580e-01 -3.170548616728054436e-01 -3.616770491660173947e-01 -3.827278411765057120e-01 -3.649440752540135668e-01 -2.914128532354617329e-01 -1.466749149552062093e-01 7.906468427253099396e-02 3.846523013416047188e-01 7.522952083469058859e-01 1.144678753038397501e+00 1.504492295071927721e+00
1.499890701652902170e+00 1.752286227229377991e+00 1.947789513368946679e+00 1.729471084345833409e+00 1.460348996581680048e+00 1.097391074444669323e+00 7.111605034407236792e-01 3.577870843564995851e-01 7.231935855750366848e-02 -1.320043826859824132e-01 -2.587707346700979238e-01 -3.211113193544158362e-01 -3.354061029680545647e-01 -3.171700779810519011e-01 -2.793056421180138971e-01 -2.316348552734071031e-01 -1.812021034469173397e-01 -1.327070481967466686e-01 -8.899869715515654200e-02 -5.153781222413763435e-02 -2.077126472858528694e-02 3.539871279298082481e-03 2.205090809461746765e-02 3.561983078298718713e-02 4.514217584805358535e-02 5.142648461052487519e-02 5.510289906208380023e-02 5.655887243265764197e-02 5.589778445619889014e-02 5.291835371581093267e-02 4.711500327793098630e-02 3.770175846415414062e-02 2.366471721669649933e-02 3.850483012269377819e-03 -2.290044729715277547e-02 -5.756869550404401098e-02 -1.006973562524863669e-01 -1.520282089255306779e-01 -2.100252817687500162e-01 -2.712054984743572650e-01 -3.294362428430211986e-01 -3.752555351010443130e-01 -3.958714178151557239e-01 -3.757169388279393285e-01 -2.983738547035076905e-01 -1.493228412844417041e-01 8.007306426375895847e-02 3.875673938980337407e-01 7.550732365549014391e-01 1.144678753038397723e+00
1.136993383149617287e+00 1.485093991888950082e+00 1.729471084345833409e+00 1.914448679348621729e+00 1.694037021796786169e+00 1.423422822832438595e+00 1.064297297232020822e+00 6.857704661677902491e-01 3.430518939693301683e-01 6.900018479261633975e-02 -1.255450591928015669e-01 -2.457619307891360794e-01 -3.051080686807021713e-01 -3.192357162942972004e-01 -3.026487044096090595e-01 -2.672928059355109132e-01 -2.223641769737567941e-01 -1.745079716768673517e-01 -1.282159806133208457e-01 -8.627007938820320521e-02 -5.012620790147308963e-02 -2.027187617160565794e-02 3.466898031781850964e-03 2.167266274648717989e-02 3.513391460535539301e-02 4.468625690440652942e-02 5.109021207959948269e-02 5.493917744141786630e-02 5.659233572427515430e-02 5.612905319117282577e-02 5.332333551434833424e-02 4.763916258106030976e-02 3.824997899588970102e-02 2.408810475250785371e-02 3.931991992007330579e-03 -2.346107165518998214e-02 -5.916282248087102735e-02 -1.037854178169393266e-01 -1.570809417134719776e-01 -2.173508278458164689e-01 -2.807521593791328374e-01 -3.405255218467276301e-01 -3.866786620803953078e-01 -4.060168064322760006e-01 -3.832458534358170743e-01 -3.026310845364152957e-01 -1.506699372016279681e-01 8.038390548042297079e-02 3.875673938980342959e-01 7.522952083469072182e-01
7.443885566859684833e-01 1.121555591075734659e+00 1.460348996581680048e+00 1.694037021796786169e+00 1.867208819668223718e+00 1.644466077563679463e+00 1.374999453098795454e+00 1.022352441280817370e+00 6.550473344264957642e-01 3.260626197556900085e-01 6.536766408336583400e-02 -1.187636236807844553e-01 -2.325939178350703851e-01 -2.892628124221395258e-01 -3.034365461627473448e-01 -2.885107776366537813e-01 -2.556025340614872521e-01 -2.133207066527395002e-01 -1.679494976302492726e-01 -1.238036151959934772e-01 -8.358213475802238335e-02 -4.873160571864584845e-02 -1.977686992296802393e-02 3.394198135613626412e-03 2.129417444879930926e-02 3.464437068928021002e-02 4.422217741704980581e-02 5.074126242060150033e-02 5.475899510008718635e-02 5.660669847512195957e-02 5.633996556055095861e-02 5.370826696245318416e-02 4.814532850067669567e-02 3.878423754824782826e-02 2.450365526774394079e-02 4.012794161450551796e-03 -2.401823701958142113e-02 -6.074394930925158809e-02 -1.068254586661742805e-01 -1.619388632564293939e-01 -2.241384993389334834e-01 -2.890804993269783796e-01 -3.495231318929917785e-01 -3.950331347164919849e-01 -4.125279990692827803e-01 -3.871957547539925937e-01 -3.041753226832519252e-01 -1.506699372016281624e-01 8.007306426376097075e-02 3.846523013416069947e-01
3.786671991600201181e-01 7.305736319235326404e-01 1.097391074444669323e+00 1.423422822832438595e+00 1.644466077563679463e+00 1.801982481618840115e+00 1.579899707446037693e+00 1.313804368082965413e+00 9.715281427926836244e-01 6.194515927178932957e-01 3.073254552517025728e-01 6.151793980602331818e-02 -1.118216347881086370e-01 -2.193861825764905904e-01 -2.735496606080577431e-01 -2.877974922744870323e-01 -2.744974391836177419e-01 -2.439666828838856494e-01 -2.042638240365254598e-01 -1.613476553316378070e-01 -1.193376661136743566e-01 -8.084422403563885917e-02 -4.730022037093389170e-02 -1.926402796109541460e-02 3.317904769015602925e-03 2.089074959674898715e-02 3.411040088004822085e-02 4.369706996669734528e-02 5.031805175424006182e-02 5.449486188934381248e-02 5.653108686017162959e-02 5.645885377808226857e-02 5.400378605476024302e-02 4.857057227986203568e-02 3.925376553172292560e-02 2.488081065310827553e-02 4.087538757628571794e-03 -2.453612947153160570e-02 -6.220995443057567714e-02 -1.095783254411347996e-01 -1.661603227946095995e-01 -2.296285425064380770e-01 -2.952216197225562833e-01 -3.552649152473545402e-01 -3.993288917546540806e-01 -4.146621264845799515e-01 -3.871957547539957023e-01 -3.026310845364194591e-01 -1.493228412844450348e-01 7.906468427253394993e-02
7.742683626894958371e-02 3.697001952042692774e-01 7.111605034407236792e-01 1.064297297232020822e+00 1.374999453098795454e+00 1.579899707446037693e+00 1.720969720461314800e+00 1.501150843153607362e+00 1.241650891324679318e+00 9.138327923372591144e-01 5.807785568046111013e-01 2.876993829339492548e-01 5.761542472829824652e-02 -1.049184360367348967e-01 -2.063905217641031908e-01 -2.581116945463950429e-01 -2.724098225144410135e-01 -2.606538897217495210e-01 -2.324062185984999140e-01 -1.952231801137269407e-01 -1.547248133491831434e-01 -1.148321987841074004e-01 -7.806386697849813927e-02 -4.583523058137209394e-02 -1.873414131174167344e-02 3.238093336414103653e-03 2.046223109569450180e-02 3.353086575148520043e-02 4.310832902305822972e-02 4.981622264894328134e-02 5.414054258638675843e-02 5.635742846318067545e-02 5.647608595631525147e-02 5.419938195721905189e-02 4.890493383507395209e-02 3.965259973835177226e-02 2.521335937490562160e-02 4.154512803952997019e-03 -2.499979660241641657e-02 -6.348793158395091285e-02 -1.118626621933758031e-01 -1.693628180142728590e-01 -2.333080423191501995e-01 -2.985319918111513648e-01 -3.572813171717905134e-01 -3.993288917546551353e-01 -4.125279990692858889e-01 -3.832458534358196833e-01 -2.983738547035091337e-01 -1.466749149552042386e-01
-1.428099097221557368e-01 7.515410104122864643e-02 3.577870843564995851e-01 6.857704661677902491e-01 1.022352441280817370e+00 1.313804368082965413e+00 1.501150843153607362e+00 1.624276902758175600e+00 1.409739605939217100e+00 1.160665095189050255e+00 8.515995515467084109e-01 5.404471263219287058e-01 2.678546558696237034e-01 5.374161281959570491e-02 -9.813308150100734373e-02 -1.936295540743329657e-01 -2.429236067738323179e-01 -2.572059848716287123e-01 -2.468960144822209546e-01 -2.208602973112127610e-01 -1.861464774329029404e-01 -1.480362973756710054e-01 -1.102511641308789592e-01 -7.521450354765325808e-02 -4.431982731109044421e-02 -1.817983314995409369e-02 3.153437231915507018e-03 1.999953895382633462e-02 3.288994964566396839e-02 4.243439067404737586e-02 4.920938679664409177e-02 5.366572526534382770e-02 5.605249617239421722e-02 5.635689447036065780e-02 5.426100724478116061e-02 4.912017083859832739e-02 3.995383617965042600e-02 2.547997230086091261e-02 4.209345474385406578e-03 -2.536932769700089851e-02 -6.444666356006330254e-02 -1.133774214853080498e-01 -1.711081540987747784e-01 -2.345941572317779833e-01 -2.985319918111529747e-01 -3.552649152473585370e-01 -3.950331347164956486e-01 -4.060168064322804415e-01 -3.757169388279409938e-01 -2.914128532354580137e-01
-2.821662402102403933e-01 -1.378423179893047135e-01 7.231935855750366848e-02 3.430518939693301683e-01 6.550473344264957642e-01 9.715281427926836244e-01 1.241650891324679318e+00 1.409739605939217100e+00 1.515126392764558405e+00 1.309400343570902514e+00 1.074869821728043906e+00 7.876450886451507039e-01 5.001752855449189683e-01 2.483863050558171859e-01 4.997813868910566670e-02 -9.154807670095643779e-02 -1.812241820444051021e-01 -2.281008196213305805e-01 -2.422903182762692065e-01 -2.333401982476762115e-01 -2.094324073197830482e-01 -1.771175389210649931e-01 -1.413453423115220986e-01 -1.056389263913195403e-01 -7.232448945330322010e-02 -4.276956842211802196e-02 -1.760698918884163675e-02 3.064910135562539176e-03 1.950811079267651335e-02 3.219560345931359036e-02 4.168419535508342127e-02 4.850634219417720300e-02 5.307830694540262295e-02 5.562295872495284094e-02 5.610713869437985307e-02 5.419688769681229451e-02 4.921856381111411327e-02 4.015252642965431995e-02 2.567244412672502890e-02 4.248287098717694506e-03 -2.561093232637290038e-02 -6.496121492032669309e-02 -1.139180912248117655e-01 -1.711081540987761662e-01 -2.333080423191531971e-01 -2.952216197225598915e-01 -3.495231318929970521e-01 -3.866786620804016916e-01 -3.958714178151578889e-01 -3.649440752540100141e-01
-3.517099567667024695e-01 -2.710608647624317413e-01 -1.320043826859824132e-01 6.900018479261633975e-02 3.260626197556900085e-01 6.194515927178932957e-01 9.138327923372591144e-01 1.160665095189050255e+00 1.309400343570902514e+00 1.398690407383057055e+00 1.205629385314001878e+00 9.885344929188755181e-01 7.249764707501279437e-01 4.613701173117770171e-01 2.298090809626486264e-01 4.639244187510981055e-02 -8.526624109391239825e-02 -1.693511457094591388e-01 -2.138521302495972332e-01 -2.279033513247754050e-01 -2.202197895911509329e-01 -1.983302499180980005e-01 -1.683096689050458949e-01 -1.347881233093010667e-01 -1.010955756548605478e-01 -6.946113449713854637e-02 -4.122348849955154854e-02 -1.703132655737743181e-02 2.975218070398305634e-03 1.900457983111156213e-02 3.147448019851462747e-02 4.089117625589801241e-02 4.774473939337269685e-02 5.241827679133363727e-02 5.511015902216390150e-02 5.577141692445537757e-02 5.404455748614047511e-02 4.922600329650301393e-02 4.026206583811805378e-02 2.578521250685533381e-02 4.268481196962701542e-03 -2.569276063813543190e-02 -6.496121492032765066e-02 -1.133774214853098400e-01 -1.693628180142768835e-01 -2.296285425064437391e-01 -2.890804993269833201e-01 -3.405255218467314049e-01 -3.752555351010471441e-01 -3.827278411765056565e-01
-3.677172829579091751e-01 -3.368283670727732493e-01 -2.587707346700979238e-01 -1.255450591928015669e-01 6.536766408336583400e-02 3.073254552517025728e-01 5.807785568046111013e-01 8.515995515467084109e-01 1.074869821728043906e+00 1.205629385314001878e+00 1.282182139332784354e+00 1.104177599691858358e+00 9.061750275327784543e-01 6.661285326020298658e-01 4.252825237183289198e-01 2.125683379647041460e-01 4.306293481883330387e-02 -7.941895947429802871e-02 -1.582630439794029398e-01 -2.005165694209390670e-01 -2.144115959721235032e-01 -2.078907117611157873e-01 -1.878751282782922805e-01 -1.599959594592648693e-01 -1.285835839054905727e-01 -9.678541413341146260e-02 -6.673729147829331187e-02 -3.974846327530109219e-02 -1.648039006404660237e-02 2.889171113237082745e-03 1.851941170345978299e-02 3.077667401868013075e-02 4.011992223456628537e-02 4.699953500761374497e-02 5.176805395544843008e-02 5.460422648761879133e-02 5.543581822271792525e-02 5.387903263903365964e-02 4.920191786161786512e-02 4.030940106463047623e-02 2.582443776570724978e-02 4.268481196961542747e-03 -2.561093232637418754e-02 -6.444666356006592545e-02 -1.118626621933793280e-01 -1.661603227946143180e-01 -2.241384993389377300e-01 -2.807521593791368342e-01 -3.294362428430223089e-01 -3.616770491660162290e-01
-3.470002759278612570e-01 -3.516691510647842467e-01 -3.211113193544158362e-01 -2.457619307891360794e-01 -1.187636236807844553e-01 6.151793980602331818e-02 2.876993829339492548e-01 5.404471263219287058e-01 7.876450886451507039e-01 9.885344929188755181e-01 1.104177599691858358e+00 1.171318219607832667e+00 1.009790376427176728e+00 8.306945881248904984e-01 6.127088059958247790e-01 3.926009788361852770e-01 1.969549679943626563e-01 4.004227777351041656e-02 -7.410080398864969664e-02 -1.481667655335802691e-01 -1.883647343260361762e-01 -2.021102793262998520e-01 -1.966441606456651725e-01 -1.783345566667617899e-01 -1.524079162427051937e-01 -1.229206760554692052e-01 -9.285273560618019506e-02 -6.425376189685204353e-02 -3.840521404133395017e-02 -1.597959584313802389e-02 2.811255901428453934e-03 1.808154833151277840e-02 3.015052507719075126e-02 3.943383500642489575e-02 4.634598325320823248e-02 5.121470212745928702e-02 5.419290567922515484e-02 5.518174882091139710e-02 5.377060907607495582e-02 4.918482776101806148e-02 4.030940106463123951e-02 2.578521250685487584e-02 4.248287098716769898e-03 -2.536932769700319876e-02 -6.348793158395384106e-02 -1.095783254411378943e-01 -1.619388632564326413e-01 -2.173508278458196885e-01 -2.712054984743582087e-01 -3.170548616728048330e-01
-3.043015522668715001e-01 -3.319909510036873068e-01 -3.354061029680545647e-01 -3.051080686807021713e-01 -2.325939178350703851e-01 -1.118216347881086370e-01 5.761542472829824652e-02 2.678546558696237034e-01 5.001752855449189683e-01 7.249764707501279437e-01 9.061750275327784543e-01 1.009790376427176728e+00 1.070907014293306814e+00 9.254453571347444063e-01 7.638919005439215315e-01 5.655462760804165212e-01 3.637587132806048285e-01 1.831580252404572395e-01 3.736823538331945221e-02 -6.939197373983994888e-02 -1.392317202910033080e-01 -1.776206142670964938e-01 -1.912483592230810325e-01 -1.867307879325788844e-01 -1.699436137026455185e-01 -1.457531053319760517e-01 -1.179721001361827004e-01 -8.943185308336541739e-02 -6.210601482211641766e-02 -3.725220858894610215e-02 -1.555381468779521749e-02 2.745909628861188320e-03 1.772015463797672885e-02 2.964557559059671429e-02 3.889930888067958531e-02 4.586672838565646060e-02 5.084667070721241716e-02 5.396328784256191474e-02 5.508981967083037556e-02 5.377060907607424806e-02 4.920191786161876024e-02 4.026206583811803297e-02 2.567244412672472012e-02 4.209345474383101998e-03 -2.499979660241875151e-02 -6.220995443057798086e-02 -1.068254586661759320e-01 -1.570809417134737818e-01 -2.100252817687506823e-01 -2.611005046545501473e-01
-2.510048209980558220e-01 -2.916196364153449405e-01 -3.171700779810519011e-01 -3.192357162942972004e-01 -2.892628124221395258e-01 -2.193861825764905904e-01 -1.049184360367348967e-01 5.374161281959570491e-02 2.483863050558171859e-01 4.613701173117770171e-01 6.661285326020298658e-01 8.306945881248904984e-01 9.254453571347444063e-01 9.827994590793140972e-01 8.521277646856245669e-01 7.059915551444082560e-01 5.246916937659320546e-01 3.387484001165788627e-01 1.711767430750644192e-01 3.504725767486593230e-02 -6.531041579838815780e-02 -1.315031738550550555e-01 -1.683527367604393810e-01 -1.819110257882970150e-01 -1.782449572178823050e-01 -1.627984000994557034e-01 -1.401226614045930907e-01 -1.138185387292191542e-01 -8.658900560669126334e-02 -6.034342017434448507e-02 -3.632097883160685658e-02 -1.521698190451418152e-02 2.695681666111913576e-03 1.745269676930002317e-02 2.929277579456762357e-02 3.856149144223233044e-02 4.561322643945406319e-02 5.071575923920436380e-02 5.396328784256202576e-02 5.518174882091057137e-02 5.387903263903338208e-02 4.922600329650206330e-02 4.015252642965394525e-02 2.547997230085911891e-02 4.154512803952101901e-03 -2.453612947153258408e-02 -6.074394930925185176e-02 -1.037854178169391184e-01 -1.520282089255311220e-01 -2.025238858969890809e-01
-1.951795884804071179e-01 -2.411481564270701039e-01 -2.793056421180138971e-01 -3.026487044096090595e-01 -3.034365461627473448e-01 -2.735496606080577431e-01 -2.063905217641031908e-01 -9.813308150100734373e-02 4.997813868910566670e-02 2.298090809626486264e-01 4.252825237183289198e-01 6.127088059958247790e-01 7.638919005439215315e-01 8.521277646856245669e-01 9.072247291641720723e-01 7.894478761808656486e-01 6.565389108717135658e-01 4.897676829440481550e-01 3.173426643352161847e-01 1.609325566909043381e-01 3.306714043516399693e-02 -6.183890700551016029e-02 -1.249563167523974616e-01 -1.605414112132105553e-01 -1.740898658910590424e-01 -1.711909695600974946e-01 -1.569142199098056412e-01 -1.355394026386227690e-01 -1.104861703251774352e-01 -8.434972797526545107e-02 -5.898753035561146718e-02 -3.562666789879041090e-02 -1.497633748789847265e-02 2.661969896213902276e-03 1.728962128121440747e-02 2.911341867475742556e-02 3.844738407352684545e-02 4.561322643945421584e-02 5.084667070721239635e-02 5.419290567922505075e-02 5.543581822271786974e-02 5.404455748613987837e-02 4.921856381111364837e-02 3.995383617964981537e-02 2.521335937490532322e-02 4.087538757628196226e-03 -2.401823701958098745e-02 -5.916282248087018775e-02 -1.006973562524854787e-01 -1.469635257903707248e-01
-1.420431725782865251e-01 -1.880573459437285821e-01 -2.316348552734071031e-01 -2.672928059355109132e-01 -2.885107776366537813e-01 -2.877974922744870323e-01 -2.581116945463950429e-01 -1.936295540743329657e-01 -9.154807670095643779e-02 4.639244187510981055e-02 2.125683379647041460e-01 3.926009788361852770e-01 5.655462760804165212e-01 7.059915551444082560e-01 7.894478761808656486e-01 8.429837272238196455e-01 7.363060247223895960e-01 6.145863406943781193e-01 4.601128354004674903e-01 2.991930691807484499e-01 1.522710766045576869e-01 3.139960658819539174e-02 -5.893017095449877563e-02 -1.195059037732743579e-01 -1.540897405579297330e-01 -1.676931210191983657e-01 -1.654914165318920882e-01 -1.522316212759597942e-01 -1.319616524310634198e-01 -1.079486592400346195e-01 -8.269953145490617497e-02 -5.803199685578776940e-02 -3.516767369003913346e-02 -1.483217648716660120e-02 2.644987554251876285e-03 1.723478121170021402e-02 2.911341867475769618e-02 3.856149144223266351e-02 4.586672838565719612e-02 5.121470212745941886e-02 5.460422648761892317e-02 5.577141692445480164e-02 5.419688769681158674e-02 4.912017083859750166e-02 3.965259973835163348e-02 2.488081065310763715e-02 4.012794161451093029e-03 -2.346107165518869150e-02 -5.756869550404378894e-02 -9.762396639077267069e-02
-9.465004639841695377e-02 -1.372868918188339116e-01 -1.812021034469173397e-01 -2.223641769737567941e-01 -2.556025340614872521e-01 -2.744974391836177419e-01 -2.724098225144410135e-01 -2.429236067738323179e-01 -1.812241820444051021e-01 -8.526624109391239825e-02 4.306293481883330387e-02 1.969549679943626563e-01 3.637587132806048285e-01 5.246916937659320546e-01 6.565389108717135658e-01 7.363060247223895960e-01 7.887426301059906608e-01 6.914618067582314342e-01 5.791765964347606044e-01 4.351373454929433060e-01 2.839625518673890014e-01 1.450384145890331322e-01 3.001597532758230186e-02 -5.653568307563915790e-02 -1.150634067246489867e-01 -1.488957958778470980e-01 -1.626227396068814224e-01 -1.610618796869104363e-01 -1.486839684170750686e-01 -1.293408805616835522e-01 -1.061735816023840900e-01 -8.161894858144463916e-02 -5.746684075194410934e-02 -3.494023026406568866e-02 -1.478403829507602719e-02 2.644987554251525437e-03 1.728962128121384542e-02 2.929277579456709274e-02 3.889930888067973103e-02 4.634598325320839901e-02 5.176805395544760435e-02 5.511015902216401946e-02 5.610713869438032492e-02 5.426100724478174347e-02 4.890493383507465985e-02 3.925376553172348765e-02 2.450365526774630001e-02 3.931991992008795553e-03 -2.290044729715223770e-02 -5.598608902262495329e-02
-5.445503913428550308e-02 -9.177451692941238082e-02 -1.327070481967466686e-01 -1.745079716768673517e-01 -2.133207066527395002e-01 -2.439666828838856494e-01 -2.606538897217495210e-01 -2.572059848716287123e-01 -2.281008196213305805e-01 -1.693511457094591388e-01 -7.941895947429802871e-02 4.004227777351041656e-02 1.831580252404572395e-01 3.387484001165788627e-01 4.897676829440481550e-01 6.145863406943781193e-01 6.914618067582314342e-01 7.431258255401299584e-01 6.537478737829475195e-01 5.494971355100949362e-01 4.143029776252224461e-01 2.713353166671043648e-01 1.390884641701859714e-01 2.888879668459999259e-02 -5.460872909051599916e-02 -1.115431274647767090e-01 -1.448602989230681759e-01 -1.587824897565990045e-01 -1.578186827632383216e-01 -1.462043424984004192e-01 -1.276275006612967722e-01 -1.051270479126534263e-01 -8.108704133194888364e-02 -5.728100175676438532e-02 -3.494023026406593152e-02 -1.483217648716671395e-02 2.661969896214047560e-03 1.745269676930003011e-02 2.964557559059623898e-02 3.943383500642468759e-02 4.699953500761312047e-02 5.241827679133316542e-02 5.562295872495274379e-02 5.635689447036105332e-02 5.419938195722022456e-02 4.857057227986254222e-02 3.878423754825000014e-02 2.408810475251029273e-02 3.850483012270619447e-03 -2.234252903952517119e-02
-2.180150157261392593e-02 -5.297073324893619706e-02 -8.899869715515654200e-02 -1.282159806133208457e-01 -1.679494976302492726e-01 -2.042638240365254598e-01 -2.324062185984999140e-01 -2.468960144822209546e-01 -2.422903182762692065e-01 -2.138521302495972332e-01 -1.582630439794029398e-01 -7.410080398864969664e-02 3.736823538331945221e-02 1.711767430750644192e-01 3.173426643352161847e-01 4.601128354004674903e-01 5.791765964347606044e-01 6.537478737829475195e-01 7.048790088203987780e-01 6.222592881467661208e-01 5.248663813788979615e-01 3.971442100763551974e-01 2.610346783242433744e-01 1.342926369122807440e-01 2.799390343094463815e-02 -5.310822084246489411e-02 -1.088699050913590899e-01 -1.418965064162628631e-01 -1.560886724416354898e-01 -1.556894421666944195e-01 -1.447352531186104352e-01 -1.267793357102156848e-01 -1.047807439529865881e-01 -8.108704133194921670e-02 -5.746684075194359587e-02 -3.516767369003889754e-02 -1.497633748789860796e-02 2.695681666112069268e-03 1.772015463797692314e-02 3.015052507719072697e-02 4.011992223456638251e-02 4.774473939337265521e-02 5.307830694540282418e-02 5.605249617239496662e-02 5.647608595631634087e-02 5.400378605476047894e-02 4.814532850067785447e-02 3.824997899589044348e-02 2.366471721669638484e-02 3.768940106185174072e-03
3.689972850414158928e-03 -2.127705822540046018e-02 -5.153781222413763435e-02 -8.627007938820320521e-02 -1.238036151959934772e-01 -1.613476553316378070e-01 -1.952231801137269407e-01 -2.208602973112127610e-01 -2.333401982476762115e-01 -2.279033513247754050e-01 -2.005165694209390670e-01 -1.481667655335802691e-01 -6.939197373983994888e-02 3.504725767486593230e-02 1.609325566909043381e-01 2.991930691807484499e-01 4.351373454929433060e-01 5.494971355100949362e-01 6.222592881467661208e-01 6.731509288248423983e-01 5.963325675788591074e-01 5.047796442817082951e-01 3.833171663634307169e-01 2.528580623581455078e-01 1.305581370612936831e-01 2.731421318779879426e-02 -5.200585447492580421e-02 -1.069937444974727037e-01 -1.399492706284759802e-01 -1.544911584105107816e-01 -1.546342001913828812e-01 -1.442485088815944894e-01 -1.267793357102158791e-01 -1.051270479126537455e-01 -8.161894858144443099e-02 -5.803199685578781797e-02 -3.562666789879049417e-02 -1.521698190451365416e-02 2.745909628861359624e-03 1.808154833151299698e-02 3.077667401868001973e-02 4.089117625589797772e-02 4.850634219417732096e-02 5.366572526534447302e-02 5.635742846318103627e-02 5.645885377808285144e-02 5.370826696245434989e-02 4.763916258106185714e-02 3.770175846415505655e-02 2.323935727316600933e-02
2.282844548467842516e-02 3.613516331103561012e-03 -2.077126472858528694e-02 -5.012620790147308963e-02 -8.358213475802238335e-02 -1.193376661136743566e-01 -1.547248133491831434e-01 -1.861464774329029404e-01 -2.094324073197830482e-01 -2.202197895911509329e-01 -2.144115959721235032e-01 -1.883647343260361762e-01 -1.392317202910033080e-01 -6.531041579838815780e-02 3.306714043516399693e-02 1.522710766045576869e-01 2.839625518673890014e-01 4.143029776252224461e-01 5.248663813788979615e-01 5.963325675788591074e-01 6.472875278241823072e-01 5.754490902463406110e-01 4.888427594010549826e-01 3.725553361161621502e-01 2.466505459123448096e-01 1.278153529920942055e-01 2.683725585167240010e-02 -5.128165576010425275e-02 -1.058810623455299360e-01 -1.389840484320824798e-01 -1.539617146261990643e-01 -1.546342001913831588e-01 -1.447352531186106572e-01 -1.276275006612966334e-01 -1.061735816023844231e-01 -8.269953145490591129e-02 -5.898753035561126595e-02 -3.632097883160644719e-02 -1.555381468779506657e-02 2.811255901428603553e-03 1.851941170345917584e-02 3.147448019851474543e-02 4.168419535508363638e-02 4.920938679664458443e-02 5.414054258638759803e-02 5.653108686017249696e-02 5.633996556055195087e-02 5.332333551434906976e-02 4.711500327793129855e-02 3.714900734533536225e-02
3.661769089057898691e-02 2.243168118899637256e-02 3.539871279298082481e-03 -2.027187617160565794e-02 -4.873160571864584845e-02 -8.084422403563885917e-02 -1.148321987841074004e-01 -1.480362973756710054e-01 -1.771175389210649931e-01 -1.983302499180980005e-01 -2.078907117611157873e-01 -2.021102793262998520e-01 -1.776206142670964938e-01 -1.315031738550550555e-01 -6.183890700551016029e-02 3.139960658819539174e-02 1.450384145890331322e-01 2.713353166671043648e-01 3.971442100763551974e-01 5.047796442817082951e-01 5.754490902463406110e-01 6.267752406621677208e-01 5.592019684678115610e-01 4.767496468677227539e-01 3.646551499942161101e-01 2.422965478566839470e-01 1.260140287203662945e-01 2.655444200794642232e-02 -5.092272831359433150e-02 -1.055123118545219923e-01 -1.389840484320818970e-01 -1.544911584105105873e-01 -1.556894421666938089e-01 -1.462043424983997530e-01 -1.293408805616832191e-01 -1.079486592400342448e-01 -8.434972797526471555e-02 -6.034342017434434630e-02 -3.725220858894629644e-02 -1.597959584313789899e-02 2.889171113236047549e-03 1.900457983111132967e-02 3.219560345931349321e-02 4.243439067404730647e-02 4.981622264894346175e-02 5.449486188934461045e-02 5.660669847512236202e-02 5.612905319117353353e-02 5.291835371581053021e-02 4.658409509286906558e-02
4.607845665986230049e-02 3.610706725037839820e-02 2.205090809461746765e-02 3.466898031781850964e-03 -1.977686992296802393e-02 -4.730022037093389170e-02 -7.806386697849813927e-02 -1.102511641308789592e-01 -1.413453423115220986e-01 -1.683096689050458949e-01 -1.878751282782922805e-01 -1.966441606456651725e-01 -1.912483592230810325e-01 -1.683527367604393810e-01 -1.249563167523974616e-01 -5.893017095449877563e-02 3.001597532758230186e-02 1.390884641701859714e-01 2.610346783242433744e-01 3.833171663634307169e-01 4.888427594010549826e-01 5.592019684678115610e-01 6.112150084722195453e-01 5.472792518069263812e-01 4.682707779152762151e-01 3.594686604676833874e-01 2.397157247868361429e-01 1.251214408559408187e-01 2.646072584434099734e-02 -5.092272831359373475e-02 -1.058810623455295197e-01 -1.399492706284753418e-01 -1.560886724416354343e-01 -1.578186827632375722e-01 -1.486839684170750964e-01 -1.319616524310634753e-01 -1.104861703251768523e-01 -8.658900560669090252e-02 -6.210601482211589724e-02 -3.840521404133365874e-02 -1.648039006404755993e-02 2.975218070397332888e-03 1.950811079267635376e-02 3.288994964566376716e-02 4.310832902305797298e-02 5.031805175423988141e-02 5.475899510008744309e-02 5.659233572427514736e-02 5.589778445619868197e-02 5.250514922756351760e-02
5.211917003901524875e-02 4.559679375515925809e-02 3.561983078298718713e-02 2.167266274648717989e-02 3.394198135613626412e-03 -1.926402796109541460e-02 -4.583523058137209394e-02 -7.521450354765325808e-02 -1.056389263913195403e-01 -1.347881233093010667e-01 -1.599959594592648693e-01 -1.783345566667617899e-01 -1.867307879325788844e-01 -1.819110257882970150e-01 -1.605414112132105553e-01 -1.195059037732743579e-01 -5.653568307563915790e-02 2.888879668459999259e-02 1.342926369122807440e-01 2.528580623581455078e-01 3.725553361161621502e-01 4.767496468677227539e-01 5.472792518069263812e-01 6.003077042243586403e-01 5.394539807199295600e-01 4.632463123290286866e-01 3.568992744418251761e-01 2.388606747800319230e-01 1.251214408559408187e-01 2.655444200794604415e-02 -5.128165576010361437e-02 -1.069937444974716767e-01 -1.418965064162620859e-01 -1.587824897565986715e-01 -1.610618796869097979e-01 -1.522316212759590726e-01 -1.355394026386222694e-01 -1.138185387292193068e-01 -8.943185308336563943e-02 -6.425376189685225170e-02 -3.974846327530199425e-02 -1.703132655737855244e-02 3.064910135562197002e-03 1.999953895382593910e-02 3.353086575148540166e-02 4.369706996669796978e-02 5.074126242060114644e-02 5.493917744141729037e-02 5.655887243265788483e-02 5.565777965284886969e-02
5.544596367227839356e-02 5.175856942855625725e-02 4.514217584805358535e-02 3.513391460535539301e-02 2.129417444879930926e-02 3.317904769015602925e-03 -1.873414131174167344e-02 -4.431982731109044421e-02 -7.232448945330322010e-02 -1.010955756548605478e-01 -1.285835839054905727e-01 -1.524079162427051937e-01 -1.699436137026455185e-01 -1.782449572178823050e-01 -1.740898658910590424e-01 -1.540897405579297330e-01 -1.150634067246489867e-01 -5.460872909051599916e-02 2.799390343094463815e-02 1.305581370612936831e-01 2.466505459123448096e-01 3.646551499942161101e-01 4.682707779152762151e-01 5.394539807199295600e-01 5.938451457747023765e-01 5.355779498970871799e-01 4.615818915630907071e-01 3.568992744418257312e-01 2.397157247868365870e-01 1.260140287203681264e-01 2.683725585167229949e-02 -5.200585447492506869e-02 -1.088699050913583682e-01 -1.448602989230675930e-01 -1.626227396068810616e-01 -1.654914165318913388e-01 -1.569142199098055301e-01 -1.401226614045931185e-01 -1.179721001361832416e-01 -9.285273560618059752e-02 -6.673729147829451924e-02 -4.122348849955252692e-02 -1.760698918884213982e-02 3.153437231915580743e-03 2.046223109569409240e-02 3.411040088004862331e-02 4.422217741704954214e-02 5.109021207959857369e-02 5.510289906208357125e-02 5.651721574190905761e-02
5.650423887525839878e-02 5.526000233618423574e-02 5.142648461052487519e-02 4.468625690440652942e-02 3.464437068928021002e-02 2.089074959674898715e-02 3.238093336414103653e-03 -1.817983314995409369e-02 -4.276956842211802196e-02 -6.946113449713854637e-02 -9.678541413341146260e-02 -1.229206760554692052e-01 -1.457531053319760517e-01 -1.627984000994557034e-01 -1.711909695600974946e-01 -1.676931210191983657e-01 -1.488957958778470980e-01 -1.115431274647767090e-01 -5.310822084246489411e-02 2.731421318779879426e-02 1.278153529920942055e-01 2.422965478566839470e-01 3.594686604676833874e-01 4.632463123290286866e-01 5.355779498970871799e-01 5.917044963432324112e-01 5.355779498970875130e-01 4.632463123290284646e-01 3.594686604676826658e-01 2.422965478566851127e-01 1.278153529920953158e-01 2.731421318780001203e-02 -5.310822084246350633e-02 -1.115431274647758486e-01 -1.488957958778467372e-01 -1.676931210191979493e-01 -1.711909695600974390e-01 -1.627984000994559255e-01 -1.457531053319766901e-01 -1.229206760554698991e-01 -9.678541413341257282e-02 -6.946113449713922638e-02 -4.276956842211898646e-02 -1.817983314995487779e-02 3.238093336413145219e-03 2.089074959674843898e-02 3.464437068927888469e-02 4.468625690440510001e-02 5.142648461052485437e-02 5.526000233618397900e-02
5.544596367227931644e-02 5.651721574190946007e-02 5.510289906208380023e-02 5.109021207959948269e-02 4.422217741704980581e-02 3.411040088004822085e-02 2.046223109569450180e-02 3.153437231915507018e-03 -1.760698918884163675e-02 -4.122348849955154854e-02 -6.673729147829331187e-02 -9.285273560618019506e-02 -1.179721001361827004e-01 -1.401226614045930907e-01 -1.569142199098056412e-01 -1.654914165318920882e-01 -1.626227396068814224e-01 -1.448602989230681759e-01 -1.088699050913590899e-01 -5.200585447492580421e-02 2.683725585167240010e-02 1.260140287203662945e-01 2.397157247868361429e-01 3.568992744418251761e-01 4.615818915630907071e-01 5.355779498970875130e-01 5.938451457747033757e-01 5.394539807199308923e-01 4.682707779152759930e-01 3.646551499942178864e-01 2.466505459123448651e-01 1.305581370612936276e-01 2.799390343094549857e-02 -5.460872909051575630e-02 -1.150634067246486536e-01 -1.540897405579294277e-01 -1.740898658910596530e-01 -1.782449572178830544e-01 -1.699436137026469062e-01 -1.524079162427063039e-01 -1.285835839054914054e-01 -1.010955756548612139e-01 -7.232448945330421930e-02 -4.431982731109127688e-02 -1.873414131174249569e-02 3.317904769015608563e-03 2.129417444879895538e-02 3.513391460535512240e-02 4.514217584805325922e-02 5.175856942855627113e-02
5.211917003901544998e-02 5.565777965284926521e-02 5.655887243265764197e-02 5.493917744141786630e-02 5.074126242060150033e-02 4.369706996669734528e-02 3.353086575148520043e-02 1.999953895382633462e-02 3.064910135562539176e-03 -1.703132655737743181e-02 -3.974846327530109219e-02 -6.425376189685204353e-02 -8.943185308336541739e-02 -1.138185387292191542e-01 -1.355394026386227690e-01 -1.522316212759597942e-01 -1.610618796869104363e-01 -1.587824897565990045e-01 -1.418965064162628631e-01 -1.069937444974727037e-01 -5.128165576010425275e-02 2.655444200794642232e-02 1.251214408559408187e-01 2.388606747800319230e-01 3.568992744418257312e-01 4.632463123290284646e-01 5.394539807199308923e-01 6.003077042243606387e-01 5.472792518069270473e-01 4.767496468677236421e-01 3.725553361161627608e-01 2.528580623581461184e-01 1.342926369122814378e-01 2.888879668459992667e-02 -5.653568307563915096e-02 -1.195059037732745522e-01 -1.605414112132110827e-01 -1.819110257882978199e-01 -1.867307879325807163e-01 -1.783345566667629278e-01 -1.599959594592657575e-01 -1.347881233093023712e-01 -1.056389263913208310e-01 -7.521450354765454871e-02 -4.583523058137295436e-02 -1.926402796109572685e-02 3.394198135613223522e-03 2.167266274648695437e-02 3.561983078298770755e-02 4.559679375515898053e-02
4.607845665986292499e-02 5.250514922756385067e-02 5.589778445619889014e-02 5.659233572427515430e-02 5.475899510008718635e-02 5.031805175424006182e-02 4.310832902305822972e-02 3.288994964566396839e-02 1.950811079267651335e-02 2.975218070398305634e-03 -1.648039006404660237e-02 -3.840521404133395017e-02 -6.210601482211641766e-02 -8.658900560669126334e-02 -1.104861703251774352e-01 -1.319616524310634198e-01 -1.486839684170750686e-01 -1.578186827632383216e-01 -1.560886724416354898e-01 -1.399492706284759802e-01 -1.058810623455299360e-01 -5.092272831359433150e-02 2.646072584434099734e-02 1.251214408559408187e-01 2.397157247868365870e-01 3.594686604676826658e-01 4.682707779152759930e-01 5.472792518069270473e-01 6.112150084722203225e-01 5.592019684678123381e-01 4.888427594010551491e-01 3.833171663634308279e-01 2.610346783242431523e-01 1.390884641701868041e-01 3.001597532758189940e-02 -5.893017095449938625e-02 -1.249563167523975171e-01 -1.683527367604398806e-01 -1.912483592230818930e-01 -1.966441606456667823e-01 -1.878751282782933907e-01 -1.683096689050465333e-01 -1.413453423115234031e-01 -1.102511641308797086e-01 -7.806386697849899969e-02 -4.730022037093437048e-02 -1.977686992296856516e-02 3.466898031781080313e-03 2.205090809461766194e-02 3.610706725037868964e-02
3.661769089058031917e-02 4.658409509286959987e-02 5.291835371581093267e-02 5.612905319117282577e-02 5.660669847512195957e-02 5.449486188934381248e-02 4.981622264894328134e-02 4.243439067404737586e-02 3.219560345931359036e-02 1.900457983111156213e-02 2.889171113237082745e-03 -1.597959584313802389e-02 -3.725220858894610215e-02 -6.034342017434448507e-02 -8.434972797526545107e-02 -1.079486592400346195e-01 -1.293408805616835522e-01 -1.462043424984004192e-01 -1.556894421666944195e-01 -1.544911584105107816e-01 -1.389840484320824798e-01 -1.055123118545219923e-01 -5.092272831359373475e-02 2.655444200794604415e-02 1.260140287203681264e-01 2.422965478566851127e-01 3.646551499942178864e-01 4.767496468677236421e-01 5.592019684678123381e-01 6.267752406621694972e-01 5.754490902463406110e-01 5.047796442817081841e-01 3.971442100763550864e-01 2.713353166671044203e-01 1.450384145890316612e-01 3.139960658819410805e-02 -6.183890700551150643e-02 -1.315031738550566376e-01 -1.776206142670979926e-01 -2.021102793263011288e-01 -2.078907117611166477e-01 -1.983302499180992495e-01 -1.771175389210655760e-01 -1.480362973756716993e-01 -1.148321987841078862e-01 -8.084422403563956694e-02 -4.873160571864607743e-02 -2.027187617160570304e-02 3.539871279298066001e-03 2.243168118899737870e-02
2.282844548468029172e-02 3.714900734533588267e-02 4.711500327793098630e-02 5.332333551434833424e-02 5.633996556055095861e-02 5.653108686017162959e-02 5.414054258638675843e-02 4.920938679664409177e-02 4.168419535508342127e-02 3.147448019851462747e-02 1.851941170345978299e-02 2.811255901428453934e-03 -1.555381468779521749e-02 -3.632097883160685658e-02 -5.898753035561146718e-02 -8.269953145490617497e-02 -1.061735816023840900e-01 -1.276275006612967722e-01 -1.447352531186104352e-01 -1.546342001913828812e-01 -1.539617146261990643e-01 -1.389840484320818970e-01 -1.058810623455295197e-01 -5.128165576010361437e-02 2.683725585167229949e-02 1.278153529920953158e-01 2.466505459123448651e-01 3.725553361161627608e-01 4.888427594010551491e-01 5.754490902463406110e-01 6.472875278241824182e-01 5.963325675788588853e-01 5.248663813788981836e-01 4.143029776252218355e-01 2.839625518673878912e-01 1.522710766045569097e-01 3.306714043516127688e-02 -6.531041579838961497e-02 -1.392317202910044460e-01 -1.883647343260382856e-01 -2.144115959721248355e-01 -2.202197895911520986e-01 -2.094324073197835201e-01 -1.861464774329046612e-01 -1.547248133491831434e-01 -1.193376661136744260e-01 -8.358213475802253600e-02 -5.012620790147281208e-02 -2.077126472858438488e-02 3.613516331104923204e-03
