4.219704268869702624e+00 4.023086078760295337e+00 3.744856203655775762e+00 3.353562412831218698e+00 2.908241475303882329e+00 2.454370759645013500e+00 2.022715890494716007e+00 1.630460356633297359e+00 1.283451490710130427e+00 9.843643045842231931e-01 7.298672067956997189e-01 5.146918281077794699e-01 3.345564194909945721e-01 1.843730184054612475e-01 5.943932416342903591e-02 -4.390982104607593639e-02 -1.291364616508306196e-01 -1.989983215013005624e-01 -2.559965139841507420e-01 -3.019513049491855394e-01 -3.383112935804160060e-01 -3.665870542664945719e-01 -3.876715752989075003e-01 -4.022570183014441692e-01 -4.108217982589676964e-01 -4.136459980092613842e-01 -4.108217982589701389e-01 -4.022570183014493317e-01 -3.876715752989151054e-01 -3.665870542665042864e-01 -3.383112935804267196e-01 -3.019513049491938661e-01 -2.559965139841597348e-01 -1.989983215013071960e-01 -1.291364616508345331e-01 -4.390982104607750458e-02 5.943932416343419844e-02 1.843730184054690469e-01 3.345564194910063405e-01 5.146918281077952351e-01 7.298672067957149290e-01 9.843643045842422890e-01 1.283451490710147969e+00 1.630460356633314012e+00 2.022715890494729329e+00 2.454370759645017941e+00 2.908241475303879664e+00 3.353562412831216033e+00 3.744856203655757554e+00 4.023086078760286455e+00
4.023086078760295337e+00 4.219869409322583920e+00 4.022212706220551048e+00 3.743133560270844651e+00 3.352585540109791484e+00 2.907732733500056899e+00 2.454236065508928366e+00 2.022861492280296325e+00 1.629214786845889718e+00 1.282948185628986382e+00 9.842357233174974240e-01 7.292148469324364335e-01 5.143719270744497862e-01 3.344557702221027107e-01 1.841228881266094020e-01 5.939790326591525699e-02 -4.387081870921776677e-02 -1.289795965424947177e-01 -1.988545013986161569e-01 -2.557856009434215649e-01 -3.015947597394570967e-01 -3.380770452850542229e-01 -3.664183006875105786e-01 -3.875580803895164461e-01 -4.021942295589545635e-01 -4.108074827765137993e-01 -4.136797820109323065e-01 -4.109052225021360139e-01 -4.023938019402259481e-01 -3.878685518549276345e-01 -3.668586613323854273e-01 -3.387276940640268075e-01 -3.022151271170089304e-01 -2.561944016266908819e-01 -1.992503933968170216e-01 -1.292579499663191189e-01 -4.394254003832494954e-02 5.952315249940658137e-02 1.844378397038642092e-01 3.347808759112158583e-01 5.151760022839217967e-01 7.299949861115346827e-01 9.847888945663271221e-01 1.284471523417895833e+00 1.630394568463638727e+00 2.022876265268348739e+00 2.454840515965007963e+00 2.909112115362487483e+00 3.355093349460980257e+00 3.745707235155889325e+00
3.744856203655775762e+00 4.022212706220551048e+00 4.217510743299573761e+00 4.019214831325776949e+00 3.741073874728573223e+00 3.351200166322925611e+00 2.906931858316787576e+00 2.453908165856902190e+00 2.020901716415079985e+00 1.628267110326059752e+00 1.282549915872063018e+00 9.831824899805067242e-01 7.286368949872716883e-01 5.141308120117462632e-01 3.339462495851500679e-01 1.839641605631131827e-01 5.933512562506632060e-02 -4.381026108487790643e-02 -1.288648443944744593e-01 -1.986573192441297431e-01 -2.554405162825343356e-01 -3.013349303211732555e-01 -3.378640255062947961e-01 -3.662486371903944105e-01 -3.874314449778530345e-01 -4.021114709003321130e-01 -4.107707638448616083e-01 -4.136930197621631611e-01 -4.109746988526109535e-01 -4.025295539184819971e-01 -3.880898252433470641e-01 -3.672478211381262070e-01 -3.389662385390649901e-01 -3.023976935783015962e-01 -2.564757931213655362e-01 -1.994044263823553653e-01 -1.293327721410724718e-01 -4.399699313777737791e-02 5.953418079303214594e-02 1.845305908887333313e-01 3.350389157175626131e-01 5.151780455516312696e-01 7.301821233008287670e-01 9.853928351112151152e-01 1.284186102106836369e+00 1.630216003064211883e+00 2.022863796835544292e+00 2.455063451002914121e+00 2.909786498269691712e+00 3.355093349460961605e+00
3.353562412831218698e+00 3.743133560270844651e+00 4.019214831325776949e+00 4.212351060600807884e+00 4.015668443689301093e+00 3.738378727441387550e+00 3.349330457579450471e+00 2.905785674533556850e+00 2.450893336688840130e+00 2.019248498033964001e+00 1.627401478116656364e+00 1.280900971782106046e+00 9.821998782542242790e-01 7.281485941418717189e-01 5.132450082343673614e-01 3.335924806240576634e-01 1.837336393343985685e-01 5.924142368132833542e-02 -4.376265214246512214e-02 -1.287115325473298377e-01 -1.983498088211666233e-01 -2.551694220452537243e-01 -3.010846296170867631e-01 -3.376396029930547327e-01 -3.660550795476530395e-01 -3.872734132068980095e-01 -4.019941465148226256e-01 -4.107007188861465097e-01 -4.136791811518936712e-01 -4.110301506442842756e-01 -4.026777848048864183e-01 -3.884231196784175277e-01 -3.674324438503152046e-01 -3.391028638368392967e-01 -3.026691814688428073e-01 -2.566227667976653248e-01 -1.994800884654375495e-01 -1.294674260222695161e-01 -4.399621323269252426e-02 5.955230898205383927e-02 1.846358941598256198e-01 3.349729925305958700e-01 5.152055680996200371e-01 7.304789305522820797e-01 9.849702121502041940e-01 1.283774860998895484e+00 1.629854133555678652e+00 2.022597986991327534e+00 2.455063451002905683e+00 2.909112115362464834e+00
2.908241475303882329e+00 3.352585540109791484e+00 3.741073874728573223e+00 4.015668443689301093e+00 4.208793257617492678e+00 4.013090243384003664e+00 3.736578316915467823e+00 3.348289256594860319e+00 2.902412563637823961e+00 2.449114103204601989e+00 2.018393778919236325e+00 1.625491758068791759e+00 1.279778825406345355e+00 9.816701172826387545e-01 7.269906171821384211e-01 5.127713022508344487e-01 3.332203461395236710e-01 1.834688720515330329e-01 5.918511710391181208e-02 -4.371658862182013078e-02 -1.285298113806995213e-01 -1.981661348084318153e-01 -2.549917836736106946e-01 -3.009249163110993552e-01 -3.375061363708831697e-01 -3.659543563741078365e-01 -3.872116984716765797e-01 -4.019787498306893192e-01 -4.107412547592360630e-01 -4.137896858354880858e-01 -4.112359157950409849e-01 -4.030770236008119345e-01 -3.886700064032211355e-01 -3.676294960558836311e-01 -3.394526528398459364e-01 -3.028832038905698854e-01 -2.567546398683092090e-01 -1.997147160393349663e-01 -1.294827663190694922e-01 -4.401537912823619281e-02 5.959436516833582775e-02 1.846243953401945914e-01 3.350356288204560662e-01 5.154829697978521308e-01 7.302626349626556435e-01 9.847847825471377492e-01 1.283658589631593294e+00 1.629854133555664442e+00 2.022863796835523864e+00 2.454840515964977321e+00
2.454370759645013500e+00 2.907732733500056899e+00 3.351200166322925611e+00 3.738378727441387550e+00 4.013090243384003664e+00 4.206308837334911566e+00 4.011335715266792334e+00 3.735562606601486646e+00 3.344421182977828977e+00 2.900406411950863905e+00 2.448211692147104213e+00 2.016142330642816116e+00 1.624187397607418815e+00 1.279196651558858866e+00 9.801944298787423904e-01 7.263873958318732837e-01 5.122481574417532268e-01 3.327722164993711651e-01 1.833122555137199905e-01 5.912845971575073772e-02 -4.365903020651637489e-02 -1.284229074727272213e-01 -1.980466787588953392e-01 -2.548801084130350447e-01 -3.008335784209023589e-01 -3.374440392882422923e-01 -3.659292362709034019e-01 -3.872318713673696955e-01 -4.020546898814016390e-01 -4.108880061443251352e-01 -4.140341618769728393e-01 -4.116808099737111482e-01 -4.033697334174179971e-01 -3.889137574413689125e-01 -3.680422540416907196e-01 -3.397237598000172332e-01 -3.030666751364137768e-01 -2.570803462253033467e-01 -1.997568605991732194e-01 -1.295513272772944868e-01 -4.405038934148054752e-02 5.959619493748154889e-02 1.846758959423394353e-01 3.352465020895842862e-01 5.153774535196312678e-01 7.301915512227299399e-01 9.847847825471278682e-01 1.283774860998870837e+00 1.630216003064175689e+00 2.022876265268311435e+00
2.022715890494716007e+00 2.454236065508928366e+00 2.906931858316787576e+00 3.349330457579450471e+00 3.736578316915467823e+00 4.011335715266792334e+00 4.205008285267839874e+00 4.010527815411041530e+00 3.731256242534431777e+00 3.342210853376966551e+00 2.899484949140465062e+00 2.445602232474108018e+00 2.014665005194050895e+00 1.623585521380926933e+00 1.277385337882451344e+00 9.794758774191854034e-01 7.257190283212204829e-01 5.116114254028800712e-01 3.325224458470840139e-01 1.831556467257256515e-01 5.905663464474287389e-02 -4.362712886158205683e-02 -1.283583517729194878e-01 -1.979795820341735124e-01 -2.548277982101210815e-01 -3.008075744768938797e-01 -3.374535940294618452e-01 -3.659836194876074922e-01 -3.873422868231957139e-01 -4.022369607969066840e-01 -4.111702233979535603e-01 -4.145218736065382492e-01 -4.120193809193526957e-01 -4.036615971990553109e-01 -3.893880348923680623e-01 -3.683718877838079719e-01 -3.399625873554552591e-01 -3.034807344068616852e-01 -2.571597263441034453e-01 -1.998822341215893139e-01 -1.296672269708138425e-01 -4.405594393086937482e-02 5.961866700276859110e-02 1.848101007808612972e-01 3.352105640616111493e-01 5.153774535196232742e-01 7.302626349626410995e-01 9.849702121501746621e-01 1.284186102106799954e+00 1.630394568463600091e+00
1.630460356633297359e+00 2.022861492280296325e+00 2.453908165856902190e+00 2.905785674533556850e+00 3.348289256594860319e+00 3.735562606601486646e+00 4.010527815411041530e+00 4.205058025991398551e+00 4.006023886241250054e+00 3.728953029778725003e+00 3.341340520990196961e+00 2.896524817106710614e+00 2.443977880820350723e+00 2.014093459286184107e+00 1.621431178593043976e+00 1.276580143116673671e+00 9.786802496087041447e-01 7.248973063908941139e-01 5.112853398642247527e-01 3.322760938005415166e-01 1.829538423737366581e-01 5.902012916031007528e-02 -4.361003121234104801e-02 -1.283289744939821175e-01 -1.979605165427822944e-01 -2.548333054635736894e-01 -3.008483743355169771e-01 -3.375397682577707115e-01 -3.661268938687138874e-01 -3.875589736726530732e-01 -4.025558476556910237e-01 -4.116981145154933741e-01 -4.149067096744800676e-01 -4.123612207540291452e-01 -4.041967867922540703e-01 -3.897782704845024204e-01 -3.686701817986521301e-01 -3.404634733173163563e-01 -3.036069607037432116e-01 -2.573487555904633850e-01 -2.000825820106851283e-01 -1.296976201557422659e-01 -4.407722262763565102e-02 5.966838736378873159e-02 1.848101007808538310e-01 3.352465020895680214e-01 5.154829697978331460e-01 7.304789305522466636e-01 9.853928351111760353e-01 1.284471523417864081e+00
1.283451490710130427e+00 1.629214786845889718e+00 2.020901716415079985e+00 2.450893336688840130e+00 2.902412563637823961e+00 3.344421182977828977e+00 3.731256242534431777e+00 4.006023886241250054e+00 4.194560813005536737e+00 3.999155554571194759e+00 3.724143820066413646e+00 3.334556572671228736e+00 2.891852559195549510e+00 2.441075426477258947e+00 2.009633799565680778e+00 1.619016864017738921e+00 1.274464745910754315e+00 9.767540395205354109e-01 7.238339763450780673e-01 5.104837703539196747e-01 3.316355481324066434e-01 1.826895527186864210e-01 5.894822474487200481e-02 -4.356388930195134040e-02 -1.282100945203672182e-01 -1.978002438193393053e-01 -2.546557736735001187e-01 -3.006745331018919054e-01 -3.373904135436265883e-01 -3.660261511078671814e-01 -3.875425710329303275e-01 -4.027362471843513037e-01 -4.117363667495341772e-01 -4.149043536607380789e-01 -4.125633470429741489e-01 -4.042642705626404709e-01 -3.897684969942291078e-01 -3.689054824672853838e-01 -3.403211231848415896e-01 -3.035769203778969638e-01 -2.573920858091722219e-01 -1.999627802811400346e-01 -1.296522432806844483e-01 -4.407722262763957150e-02 5.961866700275695458e-02 1.846758959423189239e-01 3.350356288204364708e-01 5.152055680995848430e-01 7.301821233007921297e-01 9.847888945663004767e-01
9.843643045842231931e-01 1.282948185628986382e+00 1.628267110326059752e+00 2.019248498033964001e+00 2.449114103204601989e+00 2.900406411950863905e+00 3.342210853376966551e+00 3.728953029778725003e+00 3.999155554571194759e+00 4.188905408870883917e+00 3.995388181402820926e+00 3.717594956763079495e+00 3.330145328006312688e+00 2.889318569031023909e+00 2.436413825326931626e+00 2.007305308288027668e+00 1.616884148789651254e+00 1.272397766898322180e+00 9.756666892958696380e-01 7.229568389094165326e-01 5.096816198534719344e-01 3.312748236507714883e-01 1.825320085063898423e-01 5.890687935711314688e-02 -4.353891521378144142e-02 -1.281514988353365525e-01 -1.977320076008210470e-01 -2.545979805929693973e-01 -3.006468071157550326e-01 -3.374156035940102938e-01 -3.661386007714668156e-01 -3.878516723437182567e-01 -4.029143358762558025e-01 -4.118778298876971111e-01 -4.152527178322403256e-01 -4.127764038556954729e-01 -4.043954369197957921e-01 -3.901536457521068701e-01 -3.688802189606169013e-01 -3.404065138696257820e-01 -3.037342992767829708e-01 -2.573279879493008404e-01 -1.999627802811452526e-01 -1.296976201557503705e-01 -4.405594393088584776e-02 5.959619493745853952e-02 1.846243953401729976e-01 3.349729925305622302e-01 5.151780455515941881e-01 7.299949861115095917e-01
7.298672067956997189e-01 9.842357233174974240e-01 1.282549915872063018e+00 1.627401478116656364e+00 2.018393778919236325e+00 2.448211692147104213e+00 2.899484949140465062e+00 3.341340520990196961e+00 3.724143820066413646e+00 3.995388181402820926e+00 4.186623139340736266e+00 3.989167908042738908e+00 3.713415226910859790e+00 3.327930618883692571e+00 2.884349282476090348e+00 2.434130443260017707e+00 2.005126739650666678e+00 1.614650060630531847e+00 1.271300273188846530e+00 9.747326337520055839e-01 7.220057030443082224e-01 5.092582922904117515e-01 3.310742089027466917e-01 1.824505995782903234e-01 5.888823557332660552e-02 -4.352999702796746945e-02 -1.281395676769695180e-01 -1.977367637289120239e-01 -2.546382147091211245e-01 -3.007443131361126620e-01 -3.376033649278001869e-01 -3.665218085099397616e-01 -3.881196831687989124e-01 -4.031529880316322978e-01 -4.123261396455448757e-01 -4.155704914224278013e-01 -4.130130661062293984e-01 -4.048957920961142598e-01 -3.902240645754647130e-01 -3.690646787383131122e-01 -3.406678407052963209e-01 -3.037342992767839145e-01 -2.573920858091760522e-01 -2.000825820106934827e-01 -1.296672269708288583e-01 -4.405038934150218993e-02 5.959436516831775887e-02 1.846358941597952275e-01 3.350389157175321375e-01 5.151760022839040332e-01
5.146918281077794699e-01 7.292148469324364335e-01 9.831824899805067242e-01 1.280900971782106046e+00 1.625491758068791759e+00 2.016142330642816116e+00 2.445602232474108018e+00 2.896524817106710614e+00 3.334556572671228736e+00 3.717594956763079495e+00 3.989167908042738908e+00 4.174976779406563310e+00 3.980679697998791067e+00 3.707450189967845589e+00 3.319088914049130423e+00 2.879146786458715912e+00 2.429459907687216536e+00 2.000734607900717776e+00 1.611990483925583861e+00 1.269100965634305078e+00 9.727038141729329457e-01 7.208566955949993194e-01 5.085632686818617465e-01 3.306751882991506575e-01 1.822540850652782651e-01 5.883151995171836263e-02 -4.349269942068666184e-02 -1.280447621398782820e-01 -1.976167695266730084e-01 -2.545258041744734023e-01 -3.006811210423316894e-01 -3.376976027582821449e-01 -3.664937790942014439e-01 -3.880516478305588990e-01 -4.032821158056082989e-01 -4.123250363308910149e-01 -4.154896951921940307e-01 -4.132067804557720825e-01 -4.046581640139202962e-01 -3.901196780415135401e-01 -3.690646787383115024e-01 -3.404065138696251713e-01 -3.035769203778979075e-01 -2.573487555904701019e-01 -1.998822341216015264e-01 -1.295513272773133329e-01 -4.401537912824995957e-02 5.955230898202844292e-02 1.845305908887071578e-01 3.347808759112039789e-01
3.345564194909945721e-01 5.143719270744497862e-01 7.286368949872716883e-01 9.821998782542242790e-01 1.279778825406345355e+00 1.624187397607418815e+00 2.014665005194050895e+00 2.443977880820350723e+00 2.891852559195549510e+00 3.330145328006312688e+00 3.713415226910859790e+00 3.980679697998791067e+00 4.167274047218148425e+00 3.975325379363277900e+00 3.698241143222750438e+00 3.313810784501395101e+00 2.874260549847730495e+00 2.424703314704503399e+00 1.997947313912161071e+00 1.609625508526919546e+00 1.266799059713104469e+00 9.714218221652850538e-01 7.200713686859571139e-01 5.080904175049073546e-01 3.304098200941287256e-01 1.821282567639882777e-01 5.879732941450241390e-02 -4.347224667171368379e-02 -1.280015973193027456e-01 -1.975827011123424959e-01 -2.545406595952156015e-01 -3.008456666606564855e-01 -3.377621934261376135e-01 -3.665275861854904171e-01 -3.882797519245507756e-01 -4.033888930448638610e-01 -4.123551387191742856e-01 -4.157957571738019054e-01 -4.130747678127437150e-01 -4.046581640139203517e-01 -3.902240645754638249e-01 -3.688802189606157356e-01 -3.403211231848426443e-01 -3.036069607037482632e-01 -2.571597263441132708e-01 -1.997568605991872637e-01 -1.294827663190796230e-01 -4.399621323271373646e-02 5.953418079301289745e-02 1.844378397038581585e-01
1.843730184054612475e-01 3.344557702221027107e-01 5.141308120117462632e-01 7.281485941418717189e-01 9.816701172826387545e-01 1.279196651558858866e+00 1.623585521380926933e+00 2.014093459286184107e+00 2.441075426477258947e+00 2.889318569031023909e+00 3.327930618883692571e+00 3.707450189967845589e+00 3.975325379363277900e+00 4.163862735431964168e+00 3.966555735337185862e+00 3.693448607285103158e+00 3.309116362996546545e+00 2.869439818550681309e+00 2.422061077202706247e+00 1.995638475447041094e+00 1.607214810238764002e+00 1.265540097039661971e+00 9.706812742221385681e-01 7.196379038778830672e-01 5.078489535745511763e-01 3.302894339844161253e-01 1.820814071991334326e-01 5.878892934832107009e-02 -4.347154773112187759e-02 -1.280206585463918023e-01 -1.976576118699038542e-01 -2.547615052402453784e-01 -3.009994626191408451e-01 -3.379013325654167677e-01 -3.668602109129872613e-01 -3.885066410646363377e-01 -4.035472402898574451e-01 -4.127907316929663173e-01 -4.157957571737998514e-01 -4.132067804557709167e-01 -4.048957920961115398e-01 -3.901536457521048717e-01 -3.689054824672854394e-01 -3.404634733173196315e-01 -3.034807344068676804e-01 -2.570803462253117289e-01 -1.997147160393409615e-01 -1.294674260222841711e-01 -4.399699313779076304e-02 5.952315249940621361e-02
5.943932416342903591e-02 1.841228881266094020e-01 3.339462495851500679e-01 5.132450082343673614e-01 7.269906171821384211e-01 9.801944298787423904e-01 1.277385337882451344e+00 1.621431178593043976e+00 2.009633799565680778e+00 2.436413825326931626e+00 2.884349282476090348e+00 3.319088914049130423e+00 3.698241143222750438e+00 3.966555735337185862e+00 4.147811273503687168e+00 3.956140203891296725e+00 3.683482879078486594e+00 3.299495990509555998e+00 2.862980879633823861e+00 2.416540498480715282e+00 1.990457541713600564e+00 1.603890405763928717e+00 1.263231701687472786e+00 9.690732108325088578e-01 7.185393925743969179e-01 5.071306612066860398e-01 3.298576202009420033e-01 1.818639097030128327e-01 5.872639529918995821e-02 -4.343221200528164100e-02 -1.279343111274109379e-01 -1.976206483286760407e-01 -2.546230491038329879e-01 -3.008059253260336741e-01 -3.378512349083150901e-01 -3.666873347955723061e-01 -3.882490810199623055e-01 -4.035472402898575006e-01 -4.123551387191735085e-01 -4.154896951921921433e-01 -4.130130661062260122e-01 -4.043954369197922394e-01 -3.897684969942269428e-01 -3.686701817986533514e-01 -3.399625873554576461e-01 -3.030666751364185507e-01 -2.567546398683099307e-01 -1.994800884654465978e-01 -1.293327721410796605e-01 -4.394254003831996047e-02
-4.390982104607593639e-02 5.939790326591525699e-02 1.839641605631131827e-01 3.335924806240576634e-01 5.127713022508344487e-01 7.263873958318732837e-01 9.794758774191854034e-01 1.276580143116673671e+00 1.619016864017738921e+00 2.007305308288027668e+00 2.434130443260017707e+00 2.879146786458715912e+00 3.313810784501395101e+00 3.693448607285103158e+00 3.956140203891296725e+00 4.140430253832957597e+00 3.948256567916113013e+00 3.675139317026305363e+00 3.294222081845196382e+00 2.858312587982162700e+00 2.411832006280568041e+00 1.987656151484692657e+00 1.602034074842474398e+00 1.261984348968465008e+00 9.682431060108902532e-01 7.180041152021836570e-01 5.068066038732336187e-01 3.296836304336700496e-01 1.817914020087272320e-01 5.871252523795370687e-02 -4.343172660222195669e-02 -1.279953277440974146e-01 -1.976443415235349388e-01 -2.546281627441708828e-01 -3.009608312830405752e-01 -3.379160322283139006e-01 -3.666873347955698081e-01 -3.885066410646337287e-01 -4.033888930448600862e-01 -4.123250363308874622e-01 -4.155704914224228053e-01 -4.127764038556911430e-01 -4.042642705626384170e-01 -3.897782704845019763e-01 -3.683718877838064176e-01 -3.397237598000174552e-01 -3.028832038905673874e-01 -2.566227667976667126e-01 -1.994044263823573915e-01 -1.292579499663068232e-01
-1.291364616508306196e-01 -4.387081870921776677e-02 5.933512562506632060e-02 1.837336393343985685e-01 3.332203461395236710e-01 5.122481574417532268e-01 7.257190283212204829e-01 9.786802496087041447e-01 1.274464745910754315e+00 1.616884148789651254e+00 2.005126739650666678e+00 2.429459907687216536e+00 2.874260549847730495e+00 3.309116362996546545e+00 3.683482879078486594e+00 3.948256567916113013e+00 4.130884697871733735e+00 3.938068441471454850e+00 3.668238502110005239e+00 3.287972729924027782e+00 2.852018639458185678e+00 2.407898473967568176e+00 1.984943602532717399e+00 1.600135676016587682e+00 1.260660942555037023e+00 9.673384351958781435e-01 7.174099953244028605e-01 5.064437261663373713e-01 3.294898169229290574e-01 1.817138082543244548e-01 5.870086799102317010e-02 -4.344411610132876966e-02 -1.279861800544116468e-01 -1.976104525175336191e-01 -2.547104475251265598e-01 -3.009608312830421295e-01 -3.378512349083140354e-01 -3.668602109129846522e-01 -3.882797519245488882e-01 -4.032821158056040245e-01 -4.123261396455415451e-01 -4.152527178322349966e-01 -4.125633470429701521e-01 -4.041967867922510727e-01 -3.893880348923643431e-01 -3.680422540416867783e-01 -3.394526528398399967e-01 -3.026691814688408089e-01 -2.564757931213638709e-01 -1.992503933968036434e-01
-1.989983215013005624e-01 -1.289795965424947177e-01 -4.381026108487790643e-02 5.924142368132833542e-02 1.834688720515330329e-01 3.327722164993711651e-01 5.116114254028800712e-01 7.248973063908941139e-01 9.767540395205354109e-01 1.272397766898322180e+00 1.614650060630531847e+00 2.000734607900717776e+00 2.424703314704503399e+00 2.869439818550681309e+00 3.299495990509555998e+00 3.675139317026305363e+00 3.938068441471454850e+00 4.117843590426005562e+00 3.928907599427627240e+00 3.659659401146375224e+00 3.279327802786231150e+00 2.846272343673436289e+00 2.403748353652373826e+00 1.981911435861983373e+00 1.597925761891625385e+00 1.259071495393512707e+00 9.662252181536697959e-01 7.166653199751584769e-01 5.059830866095099688e-01 3.292431045729242722e-01 1.816190503171033754e-01 5.869880120264777540e-02 -4.342697312383575481e-02 -1.279229047875054814e-01 -1.976104525175294280e-01 -2.546281627441660533e-01 -3.008059253260272348e-01 -3.379013325654088851e-01 -3.665275861854853656e-01 -3.880516478305524597e-01 -4.031529880316248038e-01 -4.118778298876887289e-01 -4.149043536607321947e-01 -4.123612207540228725e-01 -4.036615971990498153e-01 -3.889137574413630838e-01 -3.676294960558756930e-01 -3.391028638368339676e-01 -3.023976935782953790e-01 -2.561944016266746171e-01
-2.559965139841507420e-01 -1.988545013986161569e-01 -1.288648443944744593e-01 -4.376265214246512214e-02 5.918511710391181208e-02 1.833122555137199905e-01 3.325224458470840139e-01 5.112853398642247527e-01 7.238339763450780673e-01 9.756666892958696380e-01 1.271300273188846530e+00 1.611990483925583861e+00 1.997947313912161071e+00 2.422061077202706247e+00 2.862980879633823861e+00 3.294222081845196382e+00 3.668238502110005239e+00 3.928907599427627240e+00 4.110939843416588246e+00 3.921775114899044734e+00 3.651750398108485562e+00 3.274300948769205633e+00 2.842754064716244589e+00 2.401259025233918543e+00 1.980155651553081375e+00 1.596705167916411927e+00 1.258248988694133708e+00 9.657028240141457553e-01 7.163694768532913315e-01 5.058552065301614720e-01 3.292345149593586262e-01 1.817025159101897103e-01 5.870472347484211040e-02 -4.342697312383403396e-02 -1.279861800544036532e-01 -1.976443415235283052e-01 -2.546230491038240507e-01 -3.009994626191313527e-01 -3.377621934261313963e-01 -3.664937790941920071e-01 -3.881196831687879212e-01 -4.029143358762456995e-01 -4.117363667495261836e-01 -4.149067096744716299e-01 -4.120193809193455903e-01 -4.033697334174100035e-01 -3.886700064032128643e-01 -3.674324438503072110e-01 -3.389662385390578292e-01 -3.022151271169897235e-01
-3.019513049491855394e-01 -2.557856009434215649e-01 -1.986573192441297431e-01 -1.287115325473298377e-01 -4.371658862182013078e-02 5.912845971575073772e-02 1.831556467257256515e-01 3.322760938005415166e-01 5.104837703539196747e-01 7.229568389094165326e-01 9.747326337520055839e-01 1.269100965634305078e+00 1.609625508526919546e+00 1.995638475447041094e+00 2.416540498480715282e+00 2.858312587982162700e+00 3.287972729924027782e+00 3.659659401146375224e+00 3.921775114899044734e+00 4.102773280487356899e+00 3.912516255026223355e+00 3.645539626574875403e+00 3.269768928619628756e+00 2.839435592199824221e+00 2.398844811353188167e+00 1.978423088756130710e+00 1.595493086123308535e+00 1.257439271037325890e+00 9.652062718892965298e-01 7.161162468221584643e-01 5.057911463702148280e-01 3.293527599325669075e-01 1.817025159101955667e-01 5.869880120265584533e-02 -4.344411610131863888e-02 -1.279953277440849524e-01 -1.976206483286632454e-01 -2.547615052402305014e-01 -3.008456666606455499e-01 -3.376976027582726525e-01 -3.665218085099286038e-01 -3.878516723437081537e-01 -4.027362471843415892e-01 -4.116981145154839372e-01 -4.145218736065295340e-01 -4.116808099737009341e-01 -4.030770236008012208e-01 -3.884231196784069251e-01 -3.672478211381169921e-01 -3.387276940640092660e-01
-3.383112935804160060e-01 -3.015947597394570967e-01 -2.554405162825343356e-01 -1.983498088211666233e-01 -1.285298113806995213e-01 -4.365903020651637489e-02 5.905663464474287389e-02 1.829538423737366581e-01 3.316355481324066434e-01 5.096816198534719344e-01 7.220057030443082224e-01 9.727038141729329457e-01 1.266799059713104469e+00 1.607214810238764002e+00 1.990457541713600564e+00 2.411832006280568041e+00 2.852018639458185678e+00 3.279327802786231150e+00 3.651750398108485562e+00 3.912516255026223355e+00 4.090409711187168007e+00 3.903938388957986394e+00 3.638817134298308442e+00 3.264545715336913734e+00 2.835427662456338371e+00 2.395813596796831479e+00 1.976175822054837328e+00 1.593877353696201427e+00 1.256334350299393332e+00 9.645158646328704233e-01 7.157675975083453990e-01 5.057911463702209343e-01 3.292345149593697839e-01 1.816190503171179749e-01 5.870086799103860220e-02 -4.343172660220617071e-02 -1.279343111273953115e-01 -1.976576118698882278e-01 -2.545406595952048323e-01 -3.006811210423194214e-01 -3.376033649277874749e-01 -3.661386007714543811e-01 -3.875425710329203910e-01 -4.025558476556815313e-01 -4.111702233979439569e-01 -4.140341618769615706e-01 -4.112359157950301602e-01 -4.026777848048762598e-01 -3.880898252433374052e-01 -3.668586613323681633e-01
-3.665870542664945719e-01 -3.380770452850542229e-01 -3.013349303211732555e-01 -2.551694220452537243e-01 -1.981661348084318153e-01 -1.284229074727272213e-01 -4.362712886158205683e-02 5.902012916031007528e-02 1.826895527186864210e-01 3.312748236507714883e-01 5.092582922904117515e-01 7.208566955949993194e-01 9.714218221652850538e-01 1.265540097039661971e+00 1.603890405763928717e+00 1.987656151484692657e+00 2.407898473967568176e+00 2.846272343673436289e+00 3.274300948769205633e+00 3.645539626574875403e+00 3.903938388957986394e+00 4.083758961672668164e+00 3.898782964606349655e+00 3.634825356771260729e+00 3.261542329690406916e+00 2.833230871747708601e+00 2.394261965920377655e+00 1.975138979806825956e+00 1.593254087515588058e+00 1.256047812096632521e+00 9.645158646328826357e-01 7.161162468221768940e-01 5.058552065301853418e-01 3.292431045729480865e-01 1.817138082543484079e-01 5.871252523797745176e-02 -4.343221200525980430e-02 -1.280206585463714852e-01 -1.975827011123268695e-01 -2.545258041744595801e-01 -3.007443131360967858e-01 -3.374156035939971376e-01 -3.660261511078568009e-01 -3.875589736726418044e-01 -4.022369607968973027e-01 -4.108880061443153098e-01 -4.137896858354792595e-01 -4.110301506442738950e-01 -4.025295539184727267e-01 -3.878685518549115363e-01
-3.876715752989075003e-01 -3.664183006875105786e-01 -3.378640255062947961e-01 -3.010846296170867631e-01 -2.549917836736106946e-01 -1.980466787588953392e-01 -1.283583517729194878e-01 -4.361003121234104801e-02 5.894822474487200481e-02 1.825320085063898423e-01 3.310742089027466917e-01 5.085632686818617465e-01 7.200713686859571139e-01 9.706812742221385681e-01 1.263231701687472786e+00 1.602034074842474398e+00 1.984943602532717399e+00 2.403748353652373826e+00 2.842754064716244589e+00 3.269768928619628756e+00 3.638817134298308442e+00 3.898782964606349655e+00 4.079570874466652342e+00 3.895446927972295192e+00 3.632313255107064265e+00 3.259751802839175649e+00 2.832036835814323972e+00 2.393549771184633190e+00 1.974816676998615517e+00 1.593254087515598938e+00 1.256334350299412206e+00 9.652062718893233972e-01 7.163694768533206414e-01 5.059830866095403890e-01 3.294898169229580898e-01 1.817914020087547100e-01 5.872639529921764440e-02 -4.347154773109786902e-02 -1.280015973192828171e-01 -1.976167695266556334e-01 -2.546382147091024173e-01 -3.006468071157417099e-01 -3.373904135436134322e-01 -3.661268938687039509e-01 -3.873422868231863325e-01 -4.020546898813929237e-01 -4.107412547592271812e-01 -4.136791811518829021e-01 -4.109746988526009615e-01 -4.023938019402121258e-01
-4.022570183014441692e-01 -3.875580803895164461e-01 -3.662486371903944105e-01 -3.376396029930547327e-01 -3.009249163110993552e-01 -2.548801084130350447e-01 -1.979795820341735124e-01 -1.283289744939821175e-01 -4.356388930195134040e-02 5.890687935711314688e-02 1.824505995782903234e-01 3.306751882991506575e-01 5.080904175049073546e-01 7.196379038778830672e-01 9.690732108325088578e-01 1.261984348968465008e+00 1.600135676016587682e+00 1.981911435861983373e+00 2.401259025233918543e+00 2.839435592199824221e+00 3.264545715336913734e+00 3.634825356771260729e+00 3.895446927972295192e+00 4.076986868865471791e+00 3.893428180119857362e+00 3.630916341409645920e+00 3.258907782918711415e+00 2.831655450438052668e+00 2.393549771184649622e+00 1.975138979806850825e+00 1.593877353696234289e+00 1.257439271037367412e+00 9.657028240141890540e-01 7.166653199751996661e-01 5.064437261663768952e-01 3.296836304337079637e-01 1.818639097030473328e-01 5.878892934835019263e-02 -4.347224667168844009e-02 -1.280447621398579372e-01 -1.977367637288908742e-01 -2.545979805929532991e-01 -3.006745331018784162e-01 -3.375397682577571667e-01 -3.659836194875978332e-01 -3.872318713673594814e-01 -4.019787498306829354e-01 -4.107007188861387381e-01 -4.136930197621519478e-01 -4.109052225021231908e-01
-4.108217982589676964e-01 -4.021942295589545635e-01 -3.874314449778530345e-01 -3.660550795476530395e-01 -3.375061363708831697e-01 -3.008335784209023589e-01 -2.548277982101210815e-01 -1.979605165427822944e-01 -1.282100945203672182e-01 -4.353891521378144142e-02 5.888823557332660552e-02 1.822540850652782651e-01 3.304098200941287256e-01 5.078489535745511763e-01 7.185393925743969179e-01 9.682431060108902532e-01 1.260660942555037023e+00 1.597925761891625385e+00 1.980155651553081375e+00 2.398844811353188167e+00 2.835427662456338371e+00 3.261542329690406916e+00 3.632313255107064265e+00 3.893428180119857362e+00 4.075580742130528122e+00 3.892474766460898294e+00 3.630467550965783552e+00 3.258907782918724294e+00 2.832036835814352838e+00 2.394261965920420732e+00 1.976175822054882403e+00 1.595493086123361381e+00 1.258248988694188553e+00 9.662252181537206441e-01 7.174099953244496009e-01 5.068066038732789158e-01 3.298576202009805280e-01 1.820814071991663785e-01 5.879732941453028050e-02 -4.349269942066508882e-02 -1.281395676769468139e-01 -1.977320076008060590e-01 -2.546557736734866295e-01 -3.008483743355049866e-01 -3.374535940294535741e-01 -3.659292362708935764e-01 -3.872116984716710286e-01 -4.019941465148153537e-01 -4.107707638448529486e-01 -4.136797820109222590e-01
-4.136459980092613842e-01 -4.108074827765137993e-01 -4.021114709003321130e-01 -3.872734132068980095e-01 -3.659543563741078365e-01 -3.374440392882422923e-01 -3.008075744768938797e-01 -2.548333054635736894e-01 -1.978002438193393053e-01 -1.281514988353365525e-01 -4.352999702796746945e-02 5.883151995171836263e-02 1.821282567639882777e-01 3.302894339844161253e-01 5.071306612066860398e-01 7.180041152021836570e-01 9.673384351958781435e-01 1.259071495393512707e+00 1.596705167916411927e+00 1.978423088756130710e+00 2.395813596796831479e+00 2.833230871747708601e+00 3.259751802839175649e+00 3.630916341409645920e+00 3.892474766460898294e+00 4.075134733992908487e+00 3.892474766460915170e+00 3.630916341409668124e+00 3.259751802839217838e+00 2.833230871747765001e+00 2.395813596796894984e+00 1.978423088756201098e+00 1.596705167916481205e+00 1.259071495393578211e+00 9.673384351959350980e-01 7.180041152022365036e-01 5.071306612067326691e-01 3.302894339844549276e-01 1.821282567640226946e-01 5.883151995174359244e-02 -4.352999702794189962e-02 -1.281514988353187334e-01 -1.978002438193238455e-01 -2.548333054635604777e-01 -3.008075744768873294e-01 -3.374440392882353534e-01 -3.659543563741056160e-01 -3.872734132068914037e-01 -4.021114709003257848e-01 -4.108074827765058612e-01
-4.108217982589701389e-01 -4.136797820109323065e-01 -4.107707638448616083e-01 -4.019941465148226256e-01 -3.872116984716765797e-01 -3.659292362709034019e-01 -3.374535940294618452e-01 -3.008483743355169771e-01 -2.546557736735001187e-01 -1.977320076008210470e-01 -1.281395676769695180e-01 -4.349269942068666184e-02 5.879732941450241390e-02 1.820814071991334326e-01 3.298576202009420033e-01 5.068066038732336187e-01 7.174099953244028605e-01 9.662252181536697959e-01 1.258248988694133708e+00 1.595493086123308535e+00 1.976175822054837328e+00 2.394261965920377655e+00 2.832036835814323972e+00 3.258907782918711415e+00 3.630467550965783552e+00 3.892474766460915170e+00 4.075580742130576084e+00 3.893428180119907100e+00 3.632313255107123329e+00 3.261542329690477526e+00 2.835427662456408981e+00 2.398844811353261886e+00 1.980155651553155760e+00 1.597925761891690888e+00 1.260660942555096531e+00 9.682431060109468746e-01 7.185393925744428811e-01 5.078489535745921435e-01 3.304098200941621988e-01 1.822540850653033562e-01 5.888823557335226555e-02 -4.353891521376525298e-02 -1.282100945203530906e-01 -1.979605165427698876e-01 -2.548277982101143646e-01 -3.008335784208955310e-01 -3.375061363708826701e-01 -3.660550795476483765e-01 -3.874314449778491487e-01 -4.021942295589496230e-01
-4.022570183014493317e-01 -4.109052225021360139e-01 -4.136930197621631611e-01 -4.107007188861465097e-01 -4.019787498306893192e-01 -3.872318713673696955e-01 -3.659836194876074922e-01 -3.375397682577707115e-01 -3.006745331018919054e-01 -2.545979805929693973e-01 -1.977367637289120239e-01 -1.280447621398782820e-01 -4.347224667171368379e-02 5.878892934832107009e-02 1.818639097030128327e-01 3.296836304336700496e-01 5.064437261663373713e-01 7.166653199751584769e-01 9.657028240141457553e-01 1.257439271037325890e+00 1.593877353696201427e+00 1.975138979806825956e+00 2.393549771184633190e+00 2.831655450438052668e+00 3.258907782918724294e+00 3.630916341409668124e+00 3.893428180119907100e+00 4.076986868865516200e+00 3.895446927972357365e+00 3.634825356771337557e+00 3.264545715336991005e+00 2.839435592199907710e+00 2.401259025233998923e+00 1.981911435862057536e+00 1.600135676016652297e+00 1.261984348968524738e+00 9.690732108325585958e-01 7.196379038779264770e-01 5.080904175049421045e-01 3.306751882991762481e-01 1.824505995783163581e-01 5.890687935712948103e-02 -4.356388930193730302e-02 -1.283289744939714871e-01 -1.979795820341660184e-01 -2.548801084130302153e-01 -3.009249163110995773e-01 -3.376396029930499032e-01 -3.662486371903899696e-01 -3.875580803895135040e-01
-3.876715752989151054e-01 -4.023938019402259481e-01 -4.109746988526109535e-01 -4.136791811518936712e-01 -4.107412547592360630e-01 -4.020546898814016390e-01 -3.873422868231957139e-01 -3.661268938687138874e-01 -3.373904135436265883e-01 -3.006468071157550326e-01 -2.546382147091211245e-01 -1.976167695266730084e-01 -1.280015973193027456e-01 -4.347154773112187759e-02 5.872639529918995821e-02 1.817914020087272320e-01 3.294898169229290574e-01 5.059830866095099688e-01 7.163694768532913315e-01 9.652062718892965298e-01 1.256334350299393332e+00 1.593254087515588058e+00 1.974816676998615517e+00 2.393549771184649622e+00 2.832036835814352838e+00 3.259751802839217838e+00 3.632313255107123329e+00 3.895446927972357365e+00 4.079570874466737607e+00 3.898782964606438473e+00 3.638817134298393707e+00 3.269768928619714909e+00 2.842754064716322748e+00 2.403748353652450653e+00 1.984943602532783569e+00 1.602034074842534128e+00 1.263231701687526076e+00 9.706812742221824220e-01 7.200713686859951945e-01 5.085632686818869486e-01 3.310742089027738921e-01 1.825320085064077169e-01 5.894822474488478625e-02 -4.361003121232885638e-02 -1.283583517729132428e-01 -1.980466787588913979e-01 -2.549917836736108057e-01 -3.010846296170849312e-01 -3.378640255062919096e-01 -3.664183006875081361e-01
-3.665870542665042864e-01 -3.878685518549276345e-01 -4.025295539184819971e-01 -4.110301506442842756e-01 -4.137896858354880858e-01 -4.108880061443251352e-01 -4.022369607969066840e-01 -3.875589736726530732e-01 -3.660261511078671814e-01 -3.374156035940102938e-01 -3.007443131361126620e-01 -2.545258041744734023e-01 -1.975827011123424959e-01 -1.280206585463918023e-01 -4.343221200528164100e-02 5.871252523795370687e-02 1.817138082543244548e-01 3.292431045729242722e-01 5.058552065301614720e-01 7.161162468221584643e-01 9.645158646328704233e-01 1.256047812096632521e+00 1.593254087515598938e+00 1.975138979806850825e+00 2.394261965920420732e+00 2.833230871747765001e+00 3.261542329690477526e+00 3.634825356771337557e+00 3.898782964606438473e+00 4.083758961672765864e+00 3.903938388958074324e+00 3.645539626574963332e+00 3.274300948769284680e+00 2.846272343673514005e+00 2.407898473967631237e+00 1.987656151484747280e+00 1.603890405763979565e+00 1.265540097039702605e+00 9.714218221653208030e-01 7.208566955950219679e-01 5.092582922904363985e-01 3.312748236507861987e-01 1.826895527186970791e-01 5.902012916032051137e-02 -4.362712886157749798e-02 -1.284229074727239184e-01 -1.981661348084327035e-01 -2.551694220452515038e-01 -3.013349303211723673e-01 -3.380770452850533347e-01
-3.383112935804267196e-01 -3.668586613323854273e-01 -3.880898252433470641e-01 -4.026777848048864183e-01 -4.112359157950409849e-01 -4.140341618769728393e-01 -4.111702233979535603e-01 -4.025558476556910237e-01 -3.875425710329303275e-01 -3.661386007714668156e-01 -3.376033649278001869e-01 -3.006811210423316894e-01 -2.545406595952156015e-01 -1.976576118699038542e-01 -1.279343111274109379e-01 -4.343172660222195669e-02 5.870086799102317010e-02 1.816190503171033754e-01 3.292345149593586262e-01 5.057911463702148280e-01 7.157675975083453990e-01 9.645158646328826357e-01 1.256334350299412206e+00 1.593877353696234289e+00 1.976175822054882403e+00 2.395813596796894984e+00 2.835427662456408981e+00 3.264545715336991005e+00 3.638817134298393707e+00 3.903938388958074324e+00 4.090409711187269259e+00 3.912516255026311285e+00 3.651750398108563722e+00 3.279327802786308421e+00 2.852018639458248295e+00 2.411832006280620444e+00 1.990457541713646528e+00 1.607214810238801750e+00 1.266799059713138442e+00 9.727038141729537069e-01 7.220057030443302049e-01 5.096816198534850351e-01 3.316355481324163579e-01 1.829538423737429864e-01 5.905663464474628088e-02 -4.365903020651523692e-02 -1.285298113807015197e-01 -1.983498088211646804e-01 -2.554405162825331699e-01 -3.015947597394567636e-01
