3.764598789943262691e+00 3.566990331283173443e+00 3.291358460555454002e+00 2.901120344945354201e+00 2.460315417545090533e+00 2.013019122209047662e+00 1.593644824102486757e+00 1.219592644083909549e+00 8.972698377036627537e-01 6.276723122602757554e-01 4.073727881927990957e-01 2.308647238754165110e-01 9.182899378286889236e-02 -1.591484037145538682e-02 -9.795424928985403679e-02 -1.593640135215264875e-01 -2.044689830029964572e-01 -2.367735532926819875e-01 -2.594956693604005271e-01 -2.750275026623376085e-01 -2.853131741337699423e-01 -2.918980778236280327e-01 -2.959730337306867853e-01 -2.982192371998798608e-01 -2.994005530535787662e-01 -2.997674417857118523e-01 -2.994005530535800985e-01 -2.982192371998804714e-01 -2.959730337306888392e-01 -2.918980778236306417e-01 -2.853131741337741056e-01 -2.750275026623420493e-01 -2.594956693604070774e-01 -2.367735532926897868e-01 -2.044689830030053113e-01 -1.593640135215390607e-01 -9.795424928986799784e-02 -1.591484037147094729e-02 9.182899378284981040e-02 2.308647238753956665e-01 4.073727881927723948e-01 6.276723122602481109e-01 8.972698377036323336e-01 1.219592644083879573e+00 1.593644824102457669e+00 2.013019122209019685e+00 2.460315417545060779e+00 2.901120344945331997e+00 3.291358460555430021e+00 3.566990331283160121e+00
3.566990331283173443e+00 3.763860398995348966e+00 3.565739556801187593e+00 3.286181153891953421e+00 2.897582971690408460e+00 2.454893401210922921e+00 2.008303579575523745e+00 1.589308784204494174e+00 1.214754061547174802e+00 8.927701088923484241e-01 6.239439992957906966e-01 4.046760863459981650e-01 2.291879347847374793e-01 9.107909495465640881e-02 -1.577092675250317891e-02 -9.706728022870481087e-02 -1.579007819527469547e-01 -2.024913218747559085e-01 -2.346455884640815392e-01 -2.573246149535232674e-01 -2.729493191654110973e-01 -2.834682551414247076e-01 -2.904135961159974300e-01 -2.947591789544374286e-01 -2.975152258059793886e-01 -2.991548693252529256e-01 -2.999631726534612297e-01 -3.000585941708672766e-01 -2.993970993227052513e-01 -2.974361715720267862e-01 -2.937489440753508485e-01 -2.874379613122806654e-01 -2.773025294959208242e-01 -2.618067588252784850e-01 -2.390482002143454743e-01 -2.063319600615659832e-01 -1.607962939048386275e-01 -9.883513046583990158e-02 -1.604329184001187375e-02 9.248842127023020054e-02 2.323719082373663369e-01 4.097505062349894311e-01 6.307438659418272975e-01 9.007007950132084328e-01 1.222708316414425456e+00 1.597072583309853133e+00 2.017008176530759922e+00 2.462757264999015483e+00 2.904916453442367263e+00 3.291814052801845580e+00
3.291358460555454002e+00 3.565739556801187593e+00 3.762291236757673296e+00 3.559353941391764309e+00 3.281554632774413172e+00 2.890607623368427692e+00 2.448728723965182930e+00 2.002561891716311493e+00 1.582815228637674876e+00 1.208543295805100115e+00 8.873930093766316807e-01 6.197669028770501631e-01 4.017073484988723520e-01 2.272992160474957279e-01 9.024632285311362523e-02 -1.562691524834845802e-02 -9.616701158441647024e-02 -1.563579224769940657e-01 -2.006505448638593037e-01 -2.326573855975563043e-01 -2.553520495843112359e-01 -2.711539651595663014e-01 -2.819946901922323335e-01 -2.891895345264660078e-01 -2.940296190080138317e-01 -2.972369096352379669e-01 -2.993157392520382487e-01 -3.005878401517142473e-01 -3.012090613889068513e-01 -3.008426443661683658e-01 -2.992879505963038644e-01 -2.959029569779768054e-01 -2.897830693503768984e-01 -2.797412024484730586e-01 -2.642931506236376182e-01 -2.412007291820043864e-01 -2.081650965524720620e-01 -1.622264512181598173e-01 -9.962492469967255959e-02 -1.615668286813184973e-02 9.308414460930884704e-02 2.337075647881956264e-01 4.117178617282804542e-01 6.330933088382276752e-01 9.029052708278074713e-01 1.225189013530725513e+00 1.600010701971127380e+00 2.018718607748342553e+00 2.465554168995846673e+00 2.904916453442363711e+00
2.901120344945354201e+00 3.286181153891953421e+00 3.559353941391764309e+00 3.749408788785260960e+00 3.549591060113688190e+00 3.269333516681806717e+00 2.879773179641712311e+00 2.438861216674391930e+00 1.992125820958749349e+00 1.573009555897121770e+00 1.199996010583555206e+00 8.805396305564926474e-01 6.145890622210096188e-01 3.979885954932157466e-01 2.249894422041018582e-01 8.932824667022644383e-02 -1.546597471859803910e-02 -9.512748165399989575e-02 -1.547731141363157537e-01 -1.987396283923069107e-01 -2.306285158457598850e-01 -2.534021601139871960e-01 -2.694565063018226625e-01 -2.805060505280315142e-01 -2.881652524494142664e-01 -2.934402455292304257e-01 -2.970784397096620233e-01 -2.996179808049403981e-01 -3.014173013127495748e-01 -3.023393877833251420e-01 -3.023916741184889956e-01 -3.011600685201140104e-01 -2.979982044093876237e-01 -2.920192612408988864e-01 -2.820966496799729439e-01 -2.663890465550904918e-01 -2.430851218064130070e-01 -2.097940284151213752e-01 -1.633501674864858144e-01 -1.002248606788747887e-01 -1.624332060613886339e-02 9.352095156690642952e-02 2.345827152467048482e-01 4.128151824736768227e-01 6.339689694121547481e-01 9.037659438119292066e-01 1.226103877097033168e+00 1.599603375256581250e+00 2.018718607748338556e+00 2.462757264999009710e+00
2.460315417545090533e+00 2.897582971690408460e+00 3.281554632774413172e+00 3.549591060113688190e+00 3.740354941620652518e+00 3.536983172775646445e+00 3.257596220450242441e+00 2.868663857095615999e+00 2.426602085929643327e+00 1.980218526610159513e+00 1.562279106860745115e+00 1.191059525876009717e+00 8.734381401534120348e-01 6.090794299905054610e-01 3.940593990838623384e-01 2.227644686870648982e-01 8.843165799760614731e-02 -1.530297296158931661e-02 -9.418776682613189122e-02 -1.533379140952537689e-01 -1.970553500281738146e-01 -2.289232089058140518e-01 -2.518764691569054803e-01 -2.680980432937970503e-01 -2.795788341588279491e-01 -2.876555723275492360e-01 -2.933529038908357367e-01 -2.974483829629741560e-01 -3.005153724634675450e-01 -3.026195508173591953e-01 -3.039676254273520062e-01 -3.043549036170887234e-01 -3.033641782777586893e-01 -3.003689640388114701e-01 -2.945481786199824481e-01 -2.844018823919409744e-01 -2.685350820758912183e-01 -2.450470282939863631e-01 -2.112993300267423935e-01 -1.643749434456326097e-01 -1.007890726200085796e-01 -1.632339752634754532e-02 9.389511368769067057e-02 2.352677418544222854e-01 4.134910416692354485e-01 6.347328746347434825e-01 9.046656485022133154e-01 1.226103877097029837e+00 1.600010701971122051e+00 2.017008176530752817e+00
2.013019122209047662e+00 2.454893401210922921e+00 2.890607623368427692e+00 3.269333516681806717e+00 3.536983172775646445e+00 3.721655525961856892e+00 3.519866715853442685e+00 3.241107109480825255e+00 2.850904289960885407e+00 2.409433325664288805e+00 1.964662313489346390e+00 1.549108708896063114e+00 1.180321725637613506e+00 8.647917567966908470e-01 6.024997227825077406e-01 3.897950485724716030e-01 2.203193702821797106e-01 8.741496461937967033e-02 -1.513717866384987377e-02 -9.322326064918227961e-02 -1.518889378021904546e-01 -1.954049830695521461e-01 -2.273191314428852361e-01 -2.503572657638703514e-01 -2.669453888230120531e-01 -2.788056436294172880e-01 -2.872825072919579226e-01 -2.934244345787256902e-01 -2.980407430135949554e-01 -3.014121146272997209e-01 -3.039448430009339397e-01 -3.056349919650062086e-01 -3.062757685628012538e-01 -3.054719608630155347e-01 -3.026675030717420611e-01 -2.966588284919101648e-01 -2.864072760566178655e-01 -2.704329307719335329e-01 -2.465600513506078784e-01 -2.124140805249699893e-01 -1.651367580329000662e-01 -1.011870017744729844e-01 -1.637230759825751558e-02 9.407631645789713004e-02 2.354199601573230549e-01 4.135790796622889065e-01 6.347328746347361550e-01 9.037659438119188815e-01 1.225189013530711968e+00 1.597072583309842919e+00
1.593644824102486757e+00 2.008303579575523745e+00 2.448728723965182930e+00 2.879773179641712311e+00 3.257596220450242441e+00 3.519866715853442685e+00 3.702526326147265401e+00 3.500960583517016111e+00 3.219868759789999313e+00 2.829778830873607820e+00 2.389829765466923384e+00 1.947658866148394230e+00 1.534859318927122240e+00 1.168448356721395909e+00 8.553191585088326665e-01 5.958896006357822239e-01 3.854556651373680642e-01 2.177495712112895443e-01 8.645191709304385352e-02 -1.497932855290306196e-02 -9.232391222486825699e-02 -1.505857087529313409e-01 -1.939945796535295919e-01 -2.258991237088134596e-01 -2.492261352990731704e-01 -2.661480719948521867e-01 -2.783818486735353259e-01 -2.872880620545604780e-01 -2.939425685414719935e-01 -2.988627325321467909e-01 -3.026638528652000337e-01 -3.055432058912541105e-01 -3.074947210030570255e-01 -3.083345279337240119e-01 -3.077405884841931116e-01 -3.047683731781142824e-01 -2.986843529935080399e-01 -2.883677364692209810e-01 -2.720430197510357861e-01 -2.478068677794945107e-01 -2.133524212428191680e-01 -1.657532141884673904e-01 -1.014693579386208161e-01 -1.640029421356662548e-02 9.411716297544842069e-02 2.354199601573200018e-01 4.134910416692251789e-01 6.339689694121444230e-01 9.029052708277979233e-01 1.222708316414417906e+00
1.219592644083909549e+00 1.589308784204494174e+00 2.002561891716311493e+00 2.438861216674391930e+00 2.868663857095615999e+00 3.241107109480825255e+00 3.500960583517016111e+00 3.681160496348323985e+00 3.476041848716680427e+00 3.194108689201822671e+00 2.805207533608673032e+00 2.367997198989924001e+00 1.928917012976459899e+00 1.518824697691051107e+00 1.155220835856201056e+00 8.456300844297919284e-01 5.890416436185803573e-01 3.808171751373955471e-01 2.152677378611839443e-01 8.551630249720040822e-02 -1.482874601563649759e-02 -9.149355410409293343e-02 -1.494353400319848590e-01 -1.926998011564220459e-01 -2.247808017126846081e-01 -2.483730124578516496e-01 -2.656266389706735676e-01 -2.782643574104338158e-01 -2.876680038896356484e-01 -2.946226950825002189e-01 -2.999708537392782870e-01 -3.041206067268726887e-01 -3.072661848364570680e-01 -3.094246519733568346e-01 -3.104870481041157038e-01 -3.097399415898970387e-01 -3.067141275881761220e-01 -3.005966404167617068e-01 -2.899574188175481626e-01 -2.732991496425193345e-01 -2.487929967798812037e-01 -2.140556936387034981e-01 -1.661436169921077233e-01 -1.015991890438564388e-01 -1.640029421357011574e-02 9.407631645789188424e-02 2.352677418544126542e-01 4.128151824736668862e-01 6.330933088382233453e-01 9.007007950132066565e-01
8.972698377036627537e-01 1.214754061547174802e+00 1.582815228637674876e+00 1.992125820958749349e+00 2.426602085929643327e+00 2.850904289960885407e+00 3.219868759789999313e+00 3.476041848716680427e+00 3.648921619189584131e+00 3.442825819473514404e+00 3.161527585977351062e+00 2.775578080203671139e+00 2.342040985896855165e+00 1.906308756540443294e+00 1.499762836485405204e+00 1.140747177837118542e+00 8.349041226946610772e-01 5.812486044450693168e-01 3.760180566288871540e-01 2.126762091951482914e-01 8.455173055639511603e-02 -1.467693958086217949e-02 -9.068023607846911749e-02 -1.482499830887625547e-01 -1.915020531418330507e-01 -2.237256845911961833e-01 -2.475695733924668240e-01 -2.651746209447355951e-01 -2.782752342560832481e-01 -2.879638308570500738e-01 -2.953356750969530764e-01 -3.010278501916623939e-01 -3.054431186372784102e-01 -3.087980019379527596e-01 -3.111851061477978186e-01 -3.121036343737139118e-01 -3.113180044000243285e-01 -3.082824178100385115e-01 -3.018667892877616721e-01 -2.909235488313902662e-01 -2.740357812599017451e-01 -2.492939447566818456e-01 -2.142856221333576949e-01 -1.661436169921120254e-01 -1.014693579386254096e-01 -1.637230759826443366e-02 9.389511368767912425e-02 2.345827152466958831e-01 4.117178617282786779e-01 6.307438659418295179e-01
6.276723122602757554e-01 8.927701088923484241e-01 1.208543295805100115e+00 1.573009555897121770e+00 1.980218526610159513e+00 2.409433325664288805e+00 2.829778830873607820e+00 3.194108689201822671e+00 3.442825819473514404e+00 3.608651962734963359e+00 3.403131737142411684e+00 3.124069372763312646e+00 2.741821124743912375e+00 2.311957817360152934e+00 1.880357667980379066e+00 1.479451298377515212e+00 1.125146447453724274e+00 8.230328095378034448e-01 5.733471514915866596e-01 3.711146216626909355e-01 2.100616707566511920e-01 8.359983572665855012e-02 -1.453116527412203624e-02 -8.986601984450930114e-02 -1.471722185698570162e-01 -1.904000177637845403e-01 -2.227634964585422372e-01 -2.468833111288527837e-01 -2.649001403549773315e-01 -2.782618589690809552e-01 -2.883500415898590519e-01 -2.960572548188510345e-01 -3.020113902007228179e-01 -3.066353849622962535e-01 -3.102206122463340709e-01 -3.124688539164356404e-01 -3.133564594428341898e-01 -3.125735005676117395e-01 -3.092524795552595296e-01 -3.025474099587448507e-01 -2.913945714800203479e-01 -2.742928788675961238e-01 -2.492939447566851763e-01 -2.140556936387083831e-01 -1.657532141884753007e-01 -1.011870017744824907e-01 -1.632339752635861979e-02 9.352095156690004574e-02 2.337075647881959317e-01 4.097505062349908744e-01
4.073727881927990957e-01 6.239439992957906966e-01 8.873930093766316807e-01 1.199996010583555206e+00 1.562279106860745115e+00 1.964662313489346390e+00 2.389829765466923384e+00 2.805207533608673032e+00 3.161527585977351062e+00 3.403131737142411684e+00 3.562340135293677879e+00 3.358862655149705834e+00 3.082554559706880415e+00 2.703701156142632733e+00 2.278206953325503825e+00 1.853172183229081948e+00 1.457924450646117753e+00 1.108180417051458422e+00 8.111416440730313537e-01 5.653775304399512036e-01 3.662293133434160186e-01 2.075113735872056997e-01 8.269554213499059891e-02 -1.438742472446190128e-02 -8.913061403884399436e-02 -1.461898523634735103e-01 -1.894048346468180655e-01 -2.219386367875752775e-01 -2.463969267310721079e-01 -2.646390319928106361e-01 -2.783734533359351060e-01 -2.887829667397547873e-01 -2.967453984253420329e-01 -3.029053104687124964e-01 -3.077585329104807754e-01 -3.112078375453866674e-01 -3.134286386081509557e-01 -3.143249067417834275e-01 -3.132629630715491054e-01 -3.096591618239020183e-01 -3.027531939801734739e-01 -2.913945714800221243e-01 -2.740357812599039100e-01 -2.487929967798874487e-01 -2.133524212428265510e-01 -1.651367580329080320e-01 -1.007890726200167120e-01 -1.624332060614428960e-02 9.308414460931407897e-02 2.323719082373718325e-01
2.308647238754165110e-01 4.046760863459981650e-01 6.197669028770501631e-01 8.805396305564926474e-01 1.191059525876009717e+00 1.549108708896063114e+00 1.947658866148394230e+00 2.367997198989924001e+00 2.775578080203671139e+00 3.124069372763312646e+00 3.358862655149705834e+00 3.512815419031486641e+00 3.311378444267304655e+00 3.037083440193938166e+00 2.662095182500172186e+00 2.243663859300693453e+00 1.825005398516139188e+00 1.435034495618009887e+00 1.091501639968331494e+00 7.993789426070985193e-01 5.575910028148275410e-01 3.615563387948949603e-01 2.051358624180918966e-01 8.182550839637596496e-02 -1.426016153294345709e-02 -8.847689070652843546e-02 -1.453284675951943550e-01 -1.885764993753318575e-01 -2.213516413758892243e-01 -2.459870674016749192e-01 -2.645651364258969074e-01 -2.786015384206294021e-01 -2.892569287749026108e-01 -2.974208386435557849e-01 -3.038075287827389226e-01 -3.085276044371317306e-01 -3.119512024956283547e-01 -3.141833078318090888e-01 -3.148039637891823506e-01 -3.134616760305161676e-01 -3.096591618239021848e-01 -3.025474099587454613e-01 -2.909235488313928752e-01 -2.732991496425258293e-01 -2.478068677795024488e-01 -2.124140805249774555e-01 -1.643749434456415748e-01 -1.002248606788796736e-01 -1.615668286812704108e-02 9.248842127023468307e-02
9.182899378286889236e-02 2.291879347847374793e-01 4.017073484988723520e-01 6.145890622210096188e-01 8.734381401534120348e-01 1.180321725637613506e+00 1.534859318927122240e+00 1.928917012976459899e+00 2.342040985896855165e+00 2.741821124743912375e+00 3.082554559706880415e+00 3.311378444267304655e+00 3.460452812218643981e+00 3.259860265826876269e+00 2.987886343710620007e+00 2.619801284224801741e+00 2.208092754768955501e+00 1.795234068296095886e+00 1.412610004381944062e+00 1.075059072245627911e+00 7.879198065425258024e-01 5.501587368352426344e-01 3.572080203014936228e-01 2.028562545173221987e-01 8.105398646335544577e-02 -1.414670298545536373e-02 -8.790102287290546546e-02 -1.446025663509666048e-01 -1.879596865220005963e-01 -2.208440969309869994e-01 -2.457628289738155725e-01 -2.646140690794211991e-01 -2.788816795859432873e-01 -2.897312098608993414e-01 -2.981172159330229832e-01 -3.043733611923443161e-01 -3.090682880867671178e-01 -3.125038889717764445e-01 -3.144625995569712562e-01 -3.148039637891817399e-01 -3.132629630715472180e-01 -3.092524795552594186e-01 -3.018667892877637815e-01 -2.899574188175539358e-01 -2.720430197510421699e-01 -2.465600513506136238e-01 -2.112993300267478614e-01 -1.633501674864878406e-01 -9.962492469966569009e-02 -1.604329184000482383e-02
-1.591484037145538682e-02 9.107909495465640881e-02 2.272992160474957279e-01 3.979885954932157466e-01 6.090794299905054610e-01 8.647917567966908470e-01 1.168448356721395909e+00 1.518824697691051107e+00 1.906308756540443294e+00 2.311957817360152934e+00 2.703701156142632733e+00 3.037083440193938166e+00 3.259860265826876269e+00 3.402541122164112863e+00 3.203335120733143970e+00 2.937176932473040125e+00 2.575636118997572055e+00 2.169990778974366652e+00 1.765603098000059878e+00 1.390135285856598735e+00 1.058753672604233254e+00 7.767637325419226579e-01 5.430835039484375182e-01 3.529371980000499676e-01 2.007707194502094672e-01 8.034106922134415241e-02 -1.404216549437497207e-02 -8.738523421093237487e-02 -1.440027475156664682e-01 -1.873631113318348362e-01 -2.204475007957649446e-01 -2.455903696772887002e-01 -2.646450656271457369e-01 -2.790908784424319111e-01 -2.901515768997756095e-01 -2.984071488961027030e-01 -3.046359355586684692e-01 -3.093408329405341051e-01 -3.125038889717767221e-01 -3.141833078318103101e-01 -3.143249067417833720e-01 -3.125735005676118505e-01 -3.082824178100405654e-01 -3.005966404167667583e-01 -2.883677364692257550e-01 -2.704329307719376962e-01 -2.450470282939899991e-01 -2.097940284151212087e-01 -1.622264512181528229e-01 -9.883513046583398964e-02
-9.795424928985403679e-02 -1.577092675250317891e-02 9.024632285311362523e-02 2.249894422041018582e-01 3.940593990838623384e-01 6.024997227825077406e-01 8.553191585088326665e-01 1.155220835856201056e+00 1.499762836485405204e+00 1.880357667980379066e+00 2.278206953325503825e+00 2.662095182500172186e+00 2.987886343710620007e+00 3.203335120733143970e+00 3.339137676710300262e+00 3.145287734950782177e+00 2.884419593104940116e+00 2.528517676779996837e+00 2.132118644448305567e+00 1.735939495541400701e+00 1.367858291895378331e+00 1.042871086448314832e+00 7.661238352037390564e-01 5.361327872154181273e-01 3.490098959325970140e-01 1.988333428063169539e-01 7.968010220176580116e-02 -1.394742274523695473e-02 -8.694677890420271504e-02 -1.434200042809098963e-01 -1.868625624821701192e-01 -2.200992281164146636e-01 -2.454030556280025477e-01 -2.646104222248101268e-01 -2.792496318915845821e-01 -2.901779472714784980e-01 -2.984014881492532689e-01 -3.046359355586671369e-01 -3.090682880867670068e-01 -3.119512024956273555e-01 -3.134286386081511777e-01 -3.133564594428342454e-01 -3.113180044000242175e-01 -3.067141275881790086e-01 -2.986843529935103714e-01 -2.864072760566206410e-01 -2.685350820758925505e-01 -2.430851218064112862e-01 -2.081650965524632635e-01 -1.607962939048298845e-01
-1.593640135215264875e-01 -9.706728022870481087e-02 -1.562691524834845802e-02 8.932824667022644383e-02 2.227644686870648982e-01 3.897950485724716030e-01 5.958896006357822239e-01 8.456300844297919284e-01 1.140747177837118542e+00 1.479451298377515212e+00 1.853172183229081948e+00 2.243663859300693453e+00 2.619801284224801741e+00 2.937176932473040125e+00 3.145287734950782177e+00 3.278288756766614132e+00 3.088364972404525233e+00 2.831204991408199145e+00 2.484191444370409396e+00 2.096257470370671783e+00 1.708158988902681585e+00 1.347401162867384761e+00 1.028645049013466650e+00 7.563592446832613225e-01 5.301945258482239076e-01 3.456579155367281997e-01 1.972050672697709395e-01 7.914695134137404720e-02 -1.387767596009152962e-02 -8.659714977801774571e-02 -1.430402503081980303e-01 -1.865714293345096808e-01 -2.199358573559218044e-01 -2.453757359656306425e-01 -2.647659947852765705e-01 -2.792803083614532333e-01 -2.901779472714779984e-01 -2.984071488961015373e-01 -3.043733611923427618e-01 -3.085276044371305093e-01 -3.112078375453861678e-01 -3.124688539164339751e-01 -3.121036343737152441e-01 -3.097399415898992592e-01 -3.047683731781155037e-01 -2.966588284919119967e-01 -2.844018823919398642e-01 -2.663890465550867725e-01 -2.412007291819954768e-01 -2.063319600615570459e-01
-2.044689830029964572e-01 -1.579007819527469547e-01 -9.616701158441647024e-02 -1.546597471859803910e-02 8.843165799760614731e-02 2.203193702821797106e-01 3.854556651373680642e-01 5.890416436185803573e-01 8.349041226946610772e-01 1.125146447453724274e+00 1.457924450646117753e+00 1.825005398516139188e+00 2.208092754768955501e+00 2.575636118997572055e+00 2.884419593104940116e+00 3.088364972404525233e+00 3.218005824482727650e+00 3.030328422820573575e+00 2.780740216110062946e+00 2.441844938492897299e+00 2.062359104011890043e+00 1.682398445910335827e+00 1.328887338713529598e+00 1.015438551651593357e+00 7.479154307925566236e-01 5.250550612528867012e-01 3.427949909059848643e-01 1.958661420716863999e-01 7.874488095116720376e-02 -1.382027870388709279e-02 -8.635868823042164300e-02 -1.428020628206674303e-01 -1.864127153873477438e-01 -2.198873447424703198e-01 -2.454930855181018112e-01 -2.647659947852778473e-01 -2.792496318915848597e-01 -2.901515768997750544e-01 -2.981172159330223170e-01 -3.038075287827369797e-01 -3.077585329104809420e-01 -3.102206122463330717e-01 -3.111851061477957647e-01 -3.104870481041160368e-01 -3.077405884841922790e-01 -3.026675030717408399e-01 -2.945481786199796725e-01 -2.820966496799683920e-01 -2.642931506236300687e-01 -2.390482002143380913e-01
-2.367735532926819875e-01 -2.024913218747559085e-01 -1.563579224769940657e-01 -9.512748165399989575e-02 -1.530297296158931661e-02 8.741496461937967033e-02 2.177495712112895443e-01 3.808171751373955471e-01 5.812486044450693168e-01 8.230328095378034448e-01 1.108180417051458422e+00 1.435034495618009887e+00 1.795234068296095886e+00 2.169990778974366652e+00 2.528517676779996837e+00 2.831204991408199145e+00 3.030328422820573575e+00 3.154363713730280239e+00 2.973883932020561005e+00 2.731279604733970690e+00 2.400755704913004607e+00 2.030052685312991212e+00 1.658386925833627457e+00 1.311151350635412438e+00 1.003607571690867450e+00 7.403070233107941212e-01 5.204559965283613865e-01 3.403044335699519363e-01 1.947778613718299523e-01 7.838295356222788057e-02 -1.377551888334418474e-02 -8.617362500337030773e-02 -1.426123227714364561e-01 -1.862824528508250366e-01 -2.198873447424701533e-01 -2.453757359656303094e-01 -2.646104222248090720e-01 -2.790908784424288025e-01 -2.897312098608972319e-01 -2.974208386435537865e-01 -3.029053104687100539e-01 -3.066353849622937000e-01 -3.087980019379505947e-01 -3.094246519733555023e-01 -3.083345279337206812e-01 -3.054719608630137029e-01 -3.003689640388075288e-01 -2.920192612408921695e-01 -2.797412024484632886e-01 -2.618067588252698252e-01
-2.594956693604005271e-01 -2.346455884640815392e-01 -2.006505448638593037e-01 -1.547731141363157537e-01 -9.418776682613189122e-02 -1.513717866384987377e-02 8.645191709304385352e-02 2.152677378611839443e-01 3.760180566288871540e-01 5.733471514915866596e-01 8.111416440730313537e-01 1.091501639968331494e+00 1.412610004381944062e+00 1.765603098000059878e+00 2.132118644448305567e+00 2.484191444370409396e+00 2.780740216110062946e+00 2.973883932020561005e+00 3.097277591902848570e+00 2.922589968688682927e+00 2.686832038831698188e+00 2.364599156652481771e+00 2.002402918269466259e+00 1.637369025738008466e+00 1.296786203857986708e+00 9.941032975395357463e-01 7.343437892406754486e-01 5.170409982395540727e-01 3.386532682448960552e-01 1.940188575795946391e-01 7.818489189213051471e-02 -1.375557931739414264e-02 -8.611935411792202844e-02 -1.426123227714390373e-01 -1.864127153873472442e-01 -2.199358573559212771e-01 -2.454030556280023811e-01 -2.646450656271439050e-01 -2.788816795859411224e-01 -2.892569287749006679e-01 -2.967453984253395349e-01 -3.020113902007194873e-01 -3.054431186372754126e-01 -3.072661848364542370e-01 -3.074947210030531952e-01 -3.062757685627977011e-01 -3.033641782777551366e-01 -2.979982044093824611e-01 -2.897830693503696819e-01 -2.773025294959133857e-01
-2.750275026623376085e-01 -2.573246149535232674e-01 -2.326573855975563043e-01 -1.987396283923069107e-01 -1.533379140952537689e-01 -9.322326064918227961e-02 -1.497932855290306196e-02 8.551630249720040822e-02 2.126762091951482914e-01 3.711146216626909355e-01 5.653775304399512036e-01 7.993789426070985193e-01 1.075059072245627911e+00 1.390135285856598735e+00 1.735939495541400701e+00 2.096257470370671783e+00 2.441844938492897299e+00 2.731279604733970690e+00 2.922589968688682927e+00 3.045181145098023290e+00 2.876333721298813373e+00 2.647643900809101059e+00 2.333648036930044078e+00 1.978149665657679801e+00 1.620408146272639849e+00 1.285302439832281429e+00 9.867143070668077387e-01 7.299853892499318375e-01 5.148581734863074688e-01 3.375461583056151293e-01 1.936504679583673227e-01 7.812137374894161101e-02 -1.375557931739308098e-02 -8.617362500337147346e-02 -1.428020628206678466e-01 -1.865714293345092090e-01 -2.200992281164132203e-01 -2.455903696772837874e-01 -2.646140690794172023e-01 -2.786015384206257384e-01 -2.887829667397504019e-01 -2.960572548188465380e-01 -3.010278501916588967e-01 -3.041206067268681368e-01 -3.055432058912483928e-01 -3.056349919650017122e-01 -3.043549036170838384e-01 -3.011600685201085148e-01 -2.959029569779688673e-01 -2.874379613122737820e-01
-2.853131741337699423e-01 -2.729493191654110973e-01 -2.553520495843112359e-01 -2.306285158457598850e-01 -1.970553500281738146e-01 -1.518889378021904546e-01 -9.232391222486825699e-02 -1.482874601563649759e-02 8.455173055639511603e-02 2.100616707566511920e-01 3.662293133434160186e-01 5.575910028148275410e-01 7.879198065425258024e-01 1.058753672604233254e+00 1.367858291895378331e+00 1.708158988902681585e+00 2.062359104011890043e+00 2.400755704913004607e+00 2.686832038831698188e+00 2.876333721298813373e+00 2.998878235812855841e+00 2.836258651385052065e+00 2.614803053223929918e+00 2.307047992366153988e+00 1.959160464850213224e+00 1.607327847558739808e+00 1.276772416870331606e+00 9.816515843449528100e-01 7.274955998120008482e-01 5.135916567446270342e-01 3.371791906514244319e-01 1.936504679583667954e-01 7.818489189213118085e-02 -1.377551888334523772e-02 -8.635868823042171238e-02 -1.430402503081972532e-01 -1.868625624821683706e-01 -2.204475007957608645e-01 -2.457628289738123528e-01 -2.645651364258931326e-01 -2.783734533359321084e-01 -2.883500415898531122e-01 -2.953356750969476363e-01 -2.999708537392749008e-01 -3.026638528651948157e-01 -3.039448430009279445e-01 -3.039676254273473432e-01 -3.023916741184835555e-01 -2.992879505962963149e-01 -2.937489440753437431e-01
-2.918980778236280327e-01 -2.834682551414247076e-01 -2.711539651595663014e-01 -2.534021601139871960e-01 -2.289232089058140518e-01 -1.954049830695521461e-01 -1.505857087529313409e-01 -9.149355410409293343e-02 -1.467693958086217949e-02 8.359983572665855012e-02 2.075113735872056997e-01 3.615563387948949603e-01 5.501587368352426344e-01 7.767637325419226579e-01 1.042871086448314832e+00 1.347401162867384761e+00 1.682398445910335827e+00 2.030052685312991212e+00 2.364599156652481771e+00 2.647643900809101059e+00 2.836258651385052065e+00 2.959975965004320475e+00 2.803868180013577849e+00 2.587564120178039051e+00 2.287270174333457806e+00 1.945408485430245138e+00 1.598377305314429675e+00 1.271597761667462523e+00 9.793700891029303301e-01 7.264947929368411605e-01 5.135916567446270342e-01 3.375461583056142967e-01 1.940188575795957215e-01 7.838295356222881038e-02 -1.382027870388527653e-02 -8.659714977801584446e-02 -1.434200042809056219e-01 -1.873631113318303676e-01 -2.208440969309814206e-01 -2.459870674016698122e-01 -2.646390319928049184e-01 -2.782618589690742383e-01 -2.879638308570451888e-01 -2.946226950824957225e-01 -2.988627325321404071e-01 -3.014121146272938923e-01 -3.026195508173536997e-01 -3.023393877833188137e-01 -3.008426443661628702e-01 -2.974361715720195698e-01
-2.959730337306867853e-01 -2.904135961159974300e-01 -2.819946901922323335e-01 -2.694565063018226625e-01 -2.518764691569054803e-01 -2.273191314428852361e-01 -1.939945796535295919e-01 -1.494353400319848590e-01 -9.068023607846911749e-02 -1.453116527412203624e-02 8.269554213499059891e-02 2.051358624180918966e-01 3.572080203014936228e-01 5.430835039484375182e-01 7.661238352037390564e-01 1.028645049013466650e+00 1.328887338713529598e+00 1.658386925833627457e+00 2.002402918269466259e+00 2.333648036930044078e+00 2.614803053223929918e+00 2.803868180013577849e+00 2.930258674644370842e+00 2.778336694591154288e+00 2.568835338340151431e+00 2.274309683024767104e+00 1.937229792946959517e+00 1.594093518464171577e+00 1.270398328268795618e+00 9.793700891029297750e-01 7.274955998120002931e-01 5.148581734863073578e-01 3.386532682448971654e-01 1.947778613718312291e-01 7.874488095116832787e-02 -1.387767596008986429e-02 -8.694677890419788557e-02 -1.440027475156610004e-01 -1.879596865219936297e-01 -2.213516413758842283e-01 -2.463969267310675837e-01 -2.649001403549723355e-01 -2.782752342560766423e-01 -2.876680038896312075e-01 -2.939425685414658318e-01 -2.980407430135891267e-01 -3.005153724634615497e-01 -3.014173013127445788e-01 -3.012090613889019663e-01 -2.993970993227005328e-01
-2.982192371998798608e-01 -2.947591789544374286e-01 -2.891895345264660078e-01 -2.805060505280315142e-01 -2.680980432937970503e-01 -2.503572657638703514e-01 -2.258991237088134596e-01 -1.926998011564220459e-01 -1.482499830887625547e-01 -8.986601984450930114e-02 -1.438742472446190128e-02 8.182550839637596496e-02 2.028562545173221987e-01 3.529371980000499676e-01 5.361327872154181273e-01 7.563592446832613225e-01 1.015438551651593357e+00 1.311151350635412438e+00 1.637369025738008466e+00 1.978149665657679801e+00 2.307047992366153988e+00 2.587564120178039051e+00 2.778336694591154288e+00 2.905734401511461673e+00 2.760570591240497418e+00 2.556525155093596346e+00 2.266799061214774369e+00 1.933827774145155720e+00 1.594093518464172465e+00 1.271597761667458304e+00 9.816515843449519219e-01 7.299853892499303942e-01 5.170409982395545168e-01 3.403044335699524914e-01 1.958661420716880652e-01 7.914695134137739174e-02 -1.394742274523211659e-02 -8.738523421092821153e-02 -1.446025663509592774e-01 -1.885764993753261398e-01 -2.219386367875690880e-01 -2.468833111288462889e-01 -2.651746209447285452e-01 -2.782643574104283202e-01 -2.872880620545540387e-01 -2.934244345787199171e-01 -2.974483829629691600e-01 -2.996179808049356241e-01 -3.005878401517091958e-01 -3.000585941708616144e-01
-2.994005530535787662e-01 -2.975152258059793886e-01 -2.940296190080138317e-01 -2.881652524494142664e-01 -2.795788341588279491e-01 -2.669453888230120531e-01 -2.492261352990731704e-01 -2.247808017126846081e-01 -1.915020531418330507e-01 -1.471722185698570162e-01 -8.913061403884399436e-02 -1.426016153294345709e-02 8.105398646335544577e-02 2.007707194502094672e-01 3.490098959325970140e-01 5.301945258482239076e-01 7.479154307925566236e-01 1.003607571690867450e+00 1.296786203857986708e+00 1.620408146272639849e+00 1.959160464850213224e+00 2.287270174333457806e+00 2.568835338340151431e+00 2.760570591240497418e+00 2.892357847644968949e+00 2.752220206855447771e+00 2.552575777306645310e+00 2.266799061214771704e+00 1.937229792946958851e+00 1.598377305314427010e+00 1.276772416870325388e+00 9.867143070668046301e-01 7.343437892406738943e-01 5.204559965283622747e-01 3.427949909059867517e-01 1.972050672697744644e-01 7.968010220177022818e-02 -1.404216549436899594e-02 -8.790102287289888738e-02 -1.453284675951891924e-01 -1.894048346468109323e-01 -2.227634964585352428e-01 -2.475695733924603015e-01 -2.656266389706665176e-01 -2.783818486735286091e-01 -2.872825072919500955e-01 -2.933529038908302411e-01 -2.970784397096561946e-01 -2.993157392520314208e-01 -2.999631726534557341e-01
-2.997674417857118523e-01 -2.991548693252529256e-01 -2.972369096352379669e-01 -2.934402455292304257e-01 -2.876555723275492360e-01 -2.788056436294172880e-01 -2.661480719948521867e-01 -2.483730124578516496e-01 -2.237256845911961833e-01 -1.904000177637845403e-01 -1.461898523634735103e-01 -8.847689070652843546e-02 -1.414670298545536373e-02 8.034106922134415241e-02 1.988333428063169539e-01 3.456579155367281997e-01 5.250550612528867012e-01 7.403070233107941212e-01 9.941032975395357463e-01 1.285302439832281429e+00 1.607327847558739808e+00 1.945408485430245138e+00 2.274309683024767104e+00 2.556525155093596346e+00 2.752220206855447771e+00 2.888114809072287681e+00 2.752220206855446882e+00 2.556525155093589685e+00 2.274309683024764883e+00 1.945408485430239587e+00 1.607327847558736478e+00 1.285302439832280763e+00 9.941032975395376337e-01 7.403070233107973408e-01 5.250550612528884775e-01 3.456579155367325296e-01 1.988333428063227826e-01 8.034106922135030027e-02 -1.414670298544795472e-02 -8.847689070652380028e-02 -1.461898523634654334e-01 -1.904000177637769353e-01 -2.237256845911886893e-01 -2.483730124578462650e-01 -2.661480719948480234e-01 -2.788056436294115703e-01 -2.876555723275445731e-01 -2.934402455292274836e-01 -2.972369096352340256e-01 -2.991548693252487068e-01
-2.994005530535800985e-01 -2.999631726534612297e-01 -2.993157392520382487e-01 -2.970784397096620233e-01 -2.933529038908357367e-01 -2.872825072919579226e-01 -2.783818486735353259e-01 -2.656266389706735676e-01 -2.475695733924668240e-01 -2.227634964585422372e-01 -1.894048346468180655e-01 -1.453284675951943550e-01 -8.790102287290546546e-02 -1.404216549437497207e-02 7.968010220176580116e-02 1.972050672697709395e-01 3.427949909059848643e-01 5.204559965283613865e-01 7.343437892406754486e-01 9.867143070668077387e-01 1.276772416870331606e+00 1.598377305314429675e+00 1.937229792946959517e+00 2.266799061214774369e+00 2.552575777306645310e+00 2.752220206855446882e+00 2.892357847644967173e+00 2.760570591240495641e+00 2.568835338340148322e+00 2.287270174333448036e+00 1.959160464850205008e+00 1.620408146272632521e+00 1.296786203857984265e+00 1.003607571690867895e+00 7.479154307925580669e-01 5.301945258482271273e-01 3.490098959326003447e-01 2.007707194502141301e-01 8.105398646336178792e-02 -1.426016153293909079e-02 -8.913061403883620892e-02 -1.471722185698508822e-01 -1.915020531418263339e-01 -2.247808017126786129e-01 -2.492261352990678414e-01 -2.669453888230075567e-01 -2.795788341588235637e-01 -2.881652524494096590e-01 -2.940296190080096683e-01 -2.975152258059756138e-01
-2.982192371998804714e-01 -3.000585941708672766e-01 -3.005878401517142473e-01 -2.996179808049403981e-01 -2.974483829629741560e-01 -2.934244345787256902e-01 -2.872880620545604780e-01 -2.782643574104338158e-01 -2.651746209447355951e-01 -2.468833111288527837e-01 -2.219386367875752775e-01 -1.885764993753318575e-01 -1.446025663509666048e-01 -8.738523421093237487e-02 -1.394742274523695473e-02 7.914695134137404720e-02 1.958661420716863999e-01 3.403044335699519363e-01 5.170409982395540727e-01 7.299853892499318375e-01 9.816515843449528100e-01 1.271597761667462523e+00 1.594093518464171577e+00 1.933827774145155720e+00 2.266799061214771704e+00 2.556525155093589685e+00 2.760570591240495641e+00 2.905734401511454568e+00 2.778336694591152511e+00 2.587564120178027061e+00 2.307047992366147326e+00 1.978149665657675138e+00 1.637369025738005801e+00 1.311151350635414214e+00 1.015438551651593801e+00 7.563592446832655414e-01 5.361327872154211249e-01 3.529371980000546860e-01 2.028562545173282494e-01 8.182550839638004503e-02 -1.438742472445382614e-02 -8.986601984450386105e-02 -1.482499830887546166e-01 -1.926998011564168278e-01 -2.258991237088085469e-01 -2.503572657638644672e-01 -2.680980432937912772e-01 -2.805060505280274619e-01 -2.891895345264614559e-01 -2.947591789544336538e-01
-2.959730337306888392e-01 -2.993970993227052513e-01 -3.012090613889068513e-01 -3.014173013127495748e-01 -3.005153724634675450e-01 -2.980407430135949554e-01 -2.939425685414719935e-01 -2.876680038896356484e-01 -2.782752342560832481e-01 -2.649001403549773315e-01 -2.463969267310721079e-01 -2.213516413758892243e-01 -1.879596865220005963e-01 -1.440027475156664682e-01 -8.694677890420271504e-02 -1.387767596009152962e-02 7.874488095116720376e-02 1.947778613718299523e-01 3.386532682448960552e-01 5.148581734863074688e-01 7.274955998120008482e-01 9.793700891029303301e-01 1.270398328268795618e+00 1.594093518464172465e+00 1.937229792946958851e+00 2.274309683024764883e+00 2.568835338340148322e+00 2.778336694591152511e+00 2.930258674644373507e+00 2.803868180013567635e+00 2.614803053223925922e+00 2.333648036930041414e+00 2.002402918269464926e+00 1.658386925833631453e+00 1.328887338713530930e+00 1.028645049013470869e+00 7.661238352037443855e-01 5.430835039484418481e-01 3.572080203014990629e-01 2.051358624180936174e-01 8.269554213499727413e-02 -1.453116527411718248e-02 -9.068023607846352474e-02 -1.494353400319816394e-01 -1.939945796535263167e-01 -2.273191314428817389e-01 -2.518764691569017611e-01 -2.694565063018222739e-01 -2.819946901922303351e-01 -2.904135961159957091e-01
-2.918980778236306417e-01 -2.974361715720267862e-01 -3.008426443661683658e-01 -3.023393877833251420e-01 -3.026195508173591953e-01 -3.014121146272997209e-01 -2.988627325321467909e-01 -2.946226950825002189e-01 -2.879638308570500738e-01 -2.782618589690809552e-01 -2.646390319928106361e-01 -2.459870674016749192e-01 -2.208440969309869994e-01 -1.873631113318348362e-01 -1.434200042809098963e-01 -8.659714977801774571e-02 -1.382027870388709279e-02 7.838295356222788057e-02 1.940188575795946391e-01 3.375461583056151293e-01 5.135916567446270342e-01 7.264947929368411605e-01 9.793700891029297750e-01 1.271597761667458304e+00 1.598377305314427010e+00 1.945408485430239587e+00 2.287270174333448036e+00 2.587564120178027061e+00 2.803868180013567635e+00 2.959975965004314258e+00 2.836258651385049845e+00 2.647643900809101503e+00 2.364599156652481771e+00 2.030052685312995209e+00 1.682398445910334939e+00 1.347401162867388091e+00 1.042871086448319273e+00 7.767637325419264327e-01 5.501587368352487406e-01 3.615563387948971252e-01 2.075113735872121945e-01 8.359983572666251916e-02 -1.467693958085720084e-02 -9.149355410409031053e-02 -1.505857087529273164e-01 -1.954049830695482326e-01 -2.289232089058105546e-01 -2.534021601139844759e-01 -2.711539651595641920e-01 -2.834682551414237639e-01
-2.853131741337741056e-01 -2.937489440753508485e-01 -2.992879505963038644e-01 -3.023916741184889956e-01 -3.039676254273520062e-01 -3.039448430009339397e-01 -3.026638528652000337e-01 -2.999708537392782870e-01 -2.953356750969530764e-01 -2.883500415898590519e-01 -2.783734533359351060e-01 -2.645651364258969074e-01 -2.457628289738155725e-01 -2.204475007957649446e-01 -1.868625624821701192e-01 -1.430402503081980303e-01 -8.635868823042164300e-02 -1.377551888334418474e-02 7.818489189213051471e-02 1.936504679583673227e-01 3.371791906514244319e-01 5.135916567446270342e-01 7.274955998120002931e-01 9.816515843449519219e-01 1.276772416870325388e+00 1.607327847558736478e+00 1.959160464850205008e+00 2.307047992366147326e+00 2.614803053223925922e+00 2.836258651385049845e+00 2.998878235812855841e+00 2.876333721298814705e+00 2.686832038831699521e+00 2.400755704913009936e+00 2.062359104011889155e+00 1.708158988902686026e+00 1.367858291895380107e+00 1.058753672604235696e+00 7.879198065425294661e-01 5.575910028148262088e-01 3.662293133434199599e-01 2.100616707566526631e-01 8.455173055639575441e-02 -1.482874601563684801e-02 -9.232391222486831250e-02 -1.518889378021899272e-01 -1.970553500281726211e-01 -2.306285158457601903e-01 -2.553520495843112359e-01 -2.729493191654106532e-01
