4.410736035312299741e+00 4.215811456107322108e+00 3.938000256115785636e+00 3.547423866684878746e+00 3.101191957319013426e+00 2.644561838573551871e+00 2.207983347165685561e+00 1.808519982983989305e+00 1.453338921496136971e+00 1.143318575207243892e+00 8.758691622751064720e-01 6.468158353785712356e-01 4.515213769895662921e-01 2.854894342226744763e-01 1.446482019597731539e-01 2.545260483391672754e-02 -7.510881313035153162e-02 -1.595519363068423069e-01 -2.299522512493045734e-01 -2.880026327679701126e-01 -3.350667600186941208e-01 -3.722252289233800582e-01 -4.003135242817636996e-01 -4.199519789818420556e-01 -4.315682420762262939e-01 -4.354128284480860978e-01 -4.315682420762282923e-01 -4.199519789818429438e-01 -4.003135242817684181e-01 -3.722252289233868305e-01 -3.350667600187051676e-01 -2.880026327679813813e-01 -2.299522512493198390e-01 -1.595519363068587937e-01 -7.510881313037404139e-02 2.545260483388734132e-02 1.446482019597437607e-01 2.854894342226393933e-01 4.515213769895241591e-01 6.468158353785229409e-01 8.758691622750506278e-01 1.143318575207182830e+00 1.453338921496071690e+00 1.808519982983924024e+00 2.207983347165620280e+00 2.644561838573483925e+00 3.101191957318948145e+00 3.547423866684826788e+00 3.938000256115736342e+00 4.215811456107293687e+00
4.215811456107322108e+00 4.410736035312317505e+00 4.215811456107338095e+00 3.938000256115783859e+00 3.547423866684884519e+00 3.101191957319018755e+00 2.644561838573554091e+00 2.207983347165693555e+00 1.808519982983995744e+00 1.453338921496141189e+00 1.143318575207248555e+00 8.758691622751104688e-01 6.468158353785758985e-01 4.515213769895716212e-01 2.854894342226799164e-01 1.446482019597773727e-01 2.545260483391834083e-02 -7.510881313034742379e-02 -1.595519363068381435e-01 -2.299522512493021864e-01 -2.880026327679675591e-01 -3.350667600186923445e-01 -3.722252289233780043e-01 -4.003135242817633666e-01 -4.199519789818382254e-01 -4.315682420762249061e-01 -4.354128284480857092e-01 -4.315682420762269045e-01 -4.199519789818434989e-01 -4.003135242817682515e-01 -3.722252289233849432e-01 -3.350667600187003381e-01 -2.880026327679811593e-01 -2.299522512493166471e-01 -1.595519363068563790e-01 -7.510881313037338913e-02 2.545260483389136935e-02 1.446482019597464808e-01 2.854894342226412807e-01 4.515213769895262685e-01 6.468158353785221637e-01 8.758691622750522932e-01 1.143318575207181498e+00 1.453338921496071690e+00 1.808519982983924690e+00 2.207983347165620280e+00 2.644561838573479928e+00 3.101191957318945924e+00 3.547423866684825011e+00 3.938000256115736786e+00
3.938000256115785636e+00 4.215811456107338095e+00 4.410736035312333492e+00 4.215811456107336319e+00 3.938000256115792297e+00 3.547423866684890736e+00 3.101191957319019199e+00 2.644561838573555423e+00 2.207983347165689114e+00 1.808519982983992191e+00 1.453338921496138747e+00 1.143318575207242560e+00 8.758691622751032524e-01 6.468158353785711245e-01 4.515213769895628504e-01 2.854894342226729775e-01 1.446482019597727930e-01 2.545260483391529119e-02 -7.510881313035078222e-02 -1.595519363068393925e-01 -2.299522512493004933e-01 -2.880026327679658937e-01 -3.350667600186906236e-01 -3.722252289233775047e-01 -4.003135242817584261e-01 -4.199519789818365600e-01 -4.315682420762242955e-01 -4.354128284480833777e-01 -4.315682420762256832e-01 -4.199519789818417781e-01 -4.003135242817671413e-01 -3.722252289233852762e-01 -3.350667600187033357e-01 -2.880026327679810483e-01 -2.299522512493194781e-01 -1.595519363068591268e-01 -7.510881313037295892e-02 2.545260483389103975e-02 1.446482019597419566e-01 2.854894342226359516e-01 4.515213769895194407e-01 6.468158353785172787e-01 8.758691622750421901e-01 1.143318575207176169e+00 1.453338921496067027e+00 1.808519982983918695e+00 2.207983347165606958e+00 2.644561838573475487e+00 3.101191957318941927e+00 3.547423866684823679e+00
3.547423866684878746e+00 3.938000256115783859e+00 4.215811456107336319e+00 4.410736035312333492e+00 4.215811456107344313e+00 3.938000256115794517e+00 3.547423866684890292e+00 3.101191957319016534e+00 2.644561838573555423e+00 2.207983347165693555e+00 1.808519982983996410e+00 1.453338921496142522e+00 1.143318575207244336e+00 8.758691622751089145e-01 6.468158353785720127e-01 4.515213769895677354e-01 2.854894342226761972e-01 1.446482019597762347e-01 2.545260483391911799e-02 -7.510881313034853402e-02 -1.595519363068358121e-01 -2.299522512493017701e-01 -2.880026327679648390e-01 -3.350667600186912898e-01 -3.722252289233760614e-01 -4.003135242817601469e-01 -4.199519789818397242e-01 -4.315682420762245730e-01 -4.354128284480865974e-01 -4.315682420762290139e-01 -4.199519789818464965e-01 -4.003135242817711381e-01 -3.722252289233920486e-01 -3.350667600187090533e-01 -2.880026327679880427e-01 -2.299522512493283599e-01 -1.595519363068663432e-01 -7.510881313038367257e-02 2.545260483388019426e-02 1.446482019597302715e-01 2.854894342226221293e-01 4.515213769895058959e-01 6.468158353785036230e-01 8.758691622750316430e-01 1.143318575207167287e+00 1.453338921496060587e+00 1.808519982983909147e+00 2.207983347165611399e+00 2.644561838573483481e+00 3.101191957318955250e+00
3.101191957319013426e+00 3.547423866684884519e+00 3.938000256115792297e+00 4.215811456107344313e+00 4.410736035312340597e+00 4.215811456107349642e+00 3.938000256115793185e+00 3.547423866684887628e+00 3.101191957319018311e+00 2.644561838573555868e+00 2.207983347165692667e+00 1.808519982983995744e+00 1.453338921496142966e+00 1.143318575207247667e+00 8.758691622751070271e-01 6.468158353785719017e-01 4.515213769895670692e-01 2.854894342226756421e-01 1.446482019597753188e-01 2.545260483391836165e-02 -7.510881313034802054e-02 -1.595519363068384489e-01 -2.299522512493024917e-01 -2.880026327679685028e-01 -3.350667600186932327e-01 -3.722252289233786704e-01 -4.003135242817650874e-01 -4.199519789818407789e-01 -4.315682420762286253e-01 -4.354128284480892064e-01 -4.315682420762316229e-01 -4.199519789818485505e-01 -4.003135242817733030e-01 -3.722252289233933809e-01 -3.350667600187106077e-01 -2.880026327679887643e-01 -2.299522512493271387e-01 -1.595519363068679530e-01 -7.510881313038353380e-02 2.545260483387962874e-02 1.446482019597284951e-01 2.854894342226244053e-01 4.515213769895070617e-01 6.468158353785034009e-01 8.758691622750356398e-01 1.143318575207168841e+00 1.453338921496055258e+00 1.808519982983913588e+00 2.207983347165619836e+00 2.644561838573493251e+00
2.644561838573551871e+00 3.101191957319018755e+00 3.547423866684890736e+00 3.938000256115794517e+00 4.215811456107349642e+00 4.410736035312343262e+00 4.215811456107346977e+00 3.938000256115794961e+00 3.547423866684888516e+00 3.101191957319017867e+00 2.644561838573559864e+00 2.207983347165694443e+00 1.808519982983993524e+00 1.453338921496144076e+00 1.143318575207244336e+00 8.758691622751072492e-01 6.468158353785743442e-01 4.515213769895680129e-01 2.854894342226799164e-01 1.446482019597783442e-01 2.545260483392174436e-02 -7.510881313034549478e-02 -1.595519363068353957e-01 -2.299522512493014648e-01 -2.880026327679658937e-01 -3.350667600186926220e-01 -3.722252289233802802e-01 -4.003135242817634221e-01 -4.199519789818428883e-01 -4.315682420762300686e-01 -4.354128284480928146e-01 -4.315682420762336768e-01 -4.199519789818512150e-01 -4.003135242817770223e-01 -3.722252289233972666e-01 -3.350667600187159367e-01 -2.880026327679940379e-01 -2.299522512493342163e-01 -1.595519363068730878e-01 -7.510881313038940410e-02 2.545260483386873121e-02 1.446482019597222224e-01 2.854894342226140247e-01 4.515213769894984019e-01 6.468158353784986270e-01 8.758691622750289785e-01 1.143318575207161292e+00 1.453338921496059921e+00 1.808519982983923136e+00 2.207983347165629162e+00
2.207983347165685561e+00 2.644561838573554091e+00 3.101191957319019199e+00 3.547423866684890292e+00 3.938000256115793185e+00 4.215811456107346977e+00 4.410736035312361913e+00 4.215811456107363853e+00 3.938000256115804287e+00 3.547423866684899174e+00 3.101191957319020087e+00 2.644561838573557200e+00 2.207983347165688670e+00 1.808519982983995744e+00 1.453338921496133862e+00 1.143318575207241894e+00 8.758691622751038075e-01 6.468158353785690151e-01 4.515213769895677909e-01 2.854894342226760307e-01 1.446482019597753188e-01 2.545260483391675529e-02 -7.510881313034883933e-02 -1.595519363068397811e-01 -2.299522512493037130e-01 -2.880026327679690579e-01 -3.350667600186962858e-01 -3.722252289233821121e-01 -4.003135242817671968e-01 -4.199519789818462745e-01 -4.315682420762325666e-01 -4.354128284480949795e-01 -4.315682420762361748e-01 -4.199519789818546567e-01 -4.003135242817802975e-01 -3.722252289233999312e-01 -3.350667600187179906e-01 -2.880026327679968690e-01 -2.299522512493353543e-01 -1.595519363068770291e-01 -7.510881313039523277e-02 2.545260483386686812e-02 1.446482019597160884e-01 2.854894342226118598e-01 4.515213769894990681e-01 6.468158353784997372e-01 8.758691622750297556e-01 1.143318575207170396e+00 1.453338921496075242e+00 1.808519982983937791e+00
1.808519982983989305e+00 2.207983347165693555e+00 2.644561838573555423e+00 3.101191957319016534e+00 3.547423866684887628e+00 3.938000256115794961e+00 4.215811456107363853e+00 4.410736035312337044e+00 4.215811456107337207e+00 3.938000256115790965e+00 3.547423866684888072e+00 3.101191957319017423e+00 2.644561838573546986e+00 2.207983347165690002e+00 1.808519982983986862e+00 1.453338921496136082e+00 1.143318575207241450e+00 8.758691622751024752e-01 6.468158353785700143e-01 4.515213769895669582e-01 2.854894342226756976e-01 1.446482019597732926e-01 2.545260483391622794e-02 -7.510881313035082385e-02 -1.595519363068423346e-01 -2.299522512493060999e-01 -2.880026327679729992e-01 -3.350667600186986728e-01 -3.722252289233859979e-01 -4.003135242817710271e-01 -4.199519789818508264e-01 -4.315682420762386728e-01 -4.354128284480989763e-01 -4.315682420762401161e-01 -4.199519789818590421e-01 -4.003135242817850159e-01 -3.722252289234052047e-01 -3.350667600187237083e-01 -2.880026327680027531e-01 -2.299522512493435700e-01 -1.595519363068832741e-01 -7.510881313039906304e-02 2.545260483386048780e-02 1.446482019597130630e-01 2.854894342226087511e-01 4.515213769894965146e-01 6.468158353784982939e-01 8.758691622750371941e-01 1.143318575207185495e+00 1.453338921496092784e+00
1.453338921496136971e+00 1.808519982983995744e+00 2.207983347165689114e+00 2.644561838573555423e+00 3.101191957319018311e+00 3.547423866684888516e+00 3.938000256115804287e+00 4.215811456107337207e+00 4.410736035312330827e+00 4.215811456107345201e+00 3.938000256115794517e+00 3.547423866684889848e+00 3.101191957319010317e+00 2.644561838573553647e+00 2.207983347165683341e+00 1.808519982983985530e+00 1.453338921496132752e+00 1.143318575207235233e+00 8.758691622751005879e-01 6.468158353785623538e-01 4.515213769895590756e-01 2.854894342226684256e-01 1.446482019597690460e-01 2.545260483390830719e-02 -7.510881313035867868e-02 -1.595519363068484686e-01 -2.299522512493135384e-01 -2.880026327679801601e-01 -3.350667600187052786e-01 -3.722252289233917710e-01 -4.003135242817760231e-01 -4.199519789818538240e-01 -4.315682420762400606e-01 -4.354128284481020850e-01 -4.315682420762442795e-01 -4.199519789818625393e-01 -4.003135242817856820e-01 -3.722252289234072586e-01 -3.350667600187243189e-01 -2.880026327680045850e-01 -2.299522512493423765e-01 -1.595519363068824692e-01 -7.510881313039921570e-02 2.545260483386440828e-02 1.446482019597182533e-01 2.854894342226165782e-01 4.515213769895047302e-01 6.468158353785116166e-01 8.758691622750567340e-01 1.143318575207208143e+00
1.143318575207243892e+00 1.453338921496141189e+00 1.808519982983992191e+00 2.207983347165693555e+00 2.644561838573555868e+00 3.101191957319017867e+00 3.547423866684899174e+00 3.938000256115790965e+00 4.215811456107345201e+00 4.410736035312334380e+00 4.215811456107334543e+00 3.938000256115787412e+00 3.547423866684872085e+00 3.101191957319009873e+00 2.644561838573536772e+00 2.207983347165676680e+00 1.808519982983980645e+00 1.453338921496129199e+00 1.143318575207234344e+00 8.758691622750969241e-01 6.468158353785650183e-01 4.515213769895584095e-01 2.854894342226665382e-01 1.446482019597687407e-01 2.545260483390756126e-02 -7.510881313035916440e-02 -1.595519363068499674e-01 -2.299522512493145376e-01 -2.880026327679807707e-01 -3.350667600187075545e-01 -3.722252289233937694e-01 -4.003135242817791317e-01 -4.199519789818553228e-01 -4.315682420762436688e-01 -4.354128284481038613e-01 -4.315682420762472771e-01 -4.199519789818662585e-01 -4.003135242817906225e-01 -3.722252289234093681e-01 -3.350667600187277051e-01 -2.880026327680059728e-01 -2.299522512493455961e-01 -1.595519363068865215e-01 -7.510881313039989571e-02 2.545260483386248274e-02 1.446482019597193358e-01 2.854894342226188542e-01 4.515213769895133344e-01 6.468158353785266046e-01 8.758691622750723882e-01
8.758691622751064720e-01 1.143318575207248555e+00 1.453338921496138747e+00 1.808519982983996410e+00 2.207983347165692667e+00 2.644561838573559864e+00 3.101191957319020087e+00 3.547423866684888072e+00 3.938000256115794517e+00 4.215811456107334543e+00 4.410736035312325498e+00 4.215811456107332766e+00 3.938000256115774977e+00 3.547423866684879634e+00 3.101191957318999215e+00 2.644561838573541213e+00 2.207983347165677124e+00 1.808519982983978869e+00 1.453338921496125868e+00 1.143318575207232124e+00 8.758691622750929273e-01 6.468158353785586900e-01 4.515213769895552454e-01 2.854894342226639847e-01 1.446482019597624680e-01 2.545260483390516734e-02 -7.510881313036213425e-02 -1.595519363068535201e-01 -2.299522512493186455e-01 -2.880026327679838793e-01 -3.350667600187087203e-01 -3.722252289233972666e-01 -4.003135242817779105e-01 -4.199519789818588200e-01 -4.315682420762422811e-01 -4.354128284481048050e-01 -4.315682420762472771e-01 -4.199519789818637050e-01 -4.003135242817899564e-01 -3.722252289234077582e-01 -3.350667600187257622e-01 -2.880026327680040854e-01 -2.299522512493428761e-01 -1.595519363068829133e-01 -7.510881313039560747e-02 2.545260483386868958e-02 1.446482019597258584e-01 2.854894342226288462e-01 4.515213769895283225e-01 6.468158353785441461e-01
6.468158353785712356e-01 8.758691622751104688e-01 1.143318575207242560e+00 1.453338921496142522e+00 1.808519982983995744e+00 2.207983347165694443e+00 2.644561838573557200e+00 3.101191957319017423e+00 3.547423866684889848e+00 3.938000256115787412e+00 4.215811456107332766e+00 4.410736035312327274e+00 4.215811456107324773e+00 3.938000256115787412e+00 3.547423866684871196e+00 3.101191957319003656e+00 2.644561838573540768e+00 2.207983347165677124e+00 1.808519982983979757e+00 1.453338921496124980e+00 1.143318575207228571e+00 8.758691622750925942e-01 6.468158353785573578e-01 4.515213769895525808e-01 2.854894342226613757e-01 1.446482019597610247e-01 2.545260483390288792e-02 -7.510881313036531226e-02 -1.595519363068556573e-01 -2.299522512493193949e-01 -2.880026327679842679e-01 -3.350667600187108852e-01 -3.722252289233942690e-01 -4.003135242817808526e-01 -4.199519789818585425e-01 -4.315682420762435578e-01 -4.354128284481064703e-01 -4.315682420762476657e-01 -4.199519789818644822e-01 -4.003135242817888462e-01 -3.722252289234068701e-01 -3.350667600187258732e-01 -2.880026327680039744e-01 -2.299522512493419324e-01 -1.595519363068793051e-01 -7.510881313039101392e-02 2.545260483387421641e-02 1.446482019597339630e-01 2.854894342226411696e-01 4.515213769895429219e-01
4.515213769895662921e-01 6.468158353785758985e-01 8.758691622751032524e-01 1.143318575207244336e+00 1.453338921496142966e+00 1.808519982983993524e+00 2.207983347165688670e+00 2.644561838573546986e+00 3.101191957319010317e+00 3.547423866684872085e+00 3.938000256115774977e+00 4.215811456107324773e+00 4.410736035312319281e+00 4.215811456107344313e+00 3.938000256115780306e+00 3.547423866684877858e+00 3.101191957319007209e+00 2.644561838573538548e+00 2.207983347165678012e+00 1.808519982983979091e+00 1.453338921496121205e+00 1.143318575207226573e+00 8.758691622750865990e-01 6.468158353785556924e-01 4.515213769895476403e-01 2.854894342226572124e-01 1.446482019597575275e-01 2.545260483389846090e-02 -7.510881313037033602e-02 -1.595519363068599039e-01 -2.299522512493228088e-01 -2.880026327679898746e-01 -3.350667600187133832e-01 -3.722252289233988765e-01 -4.003135242817824624e-01 -4.199519789818603188e-01 -4.315682420762455562e-01 -4.354128284481064148e-01 -4.315682420762482208e-01 -4.199519789818644266e-01 -4.003135242817882911e-01 -3.722252289234070921e-01 -3.350667600187242634e-01 -2.880026327680019205e-01 -2.299522512493396287e-01 -1.595519363068768071e-01 -7.510881313038768325e-02 2.545260483388372963e-02 1.446482019597442326e-01 2.854894342226531601e-01
2.854894342226744763e-01 4.515213769895716212e-01 6.468158353785711245e-01 8.758691622751089145e-01 1.143318575207247667e+00 1.453338921496144076e+00 1.808519982983995744e+00 2.207983347165690002e+00 2.644561838573553647e+00 3.101191957319009873e+00 3.547423866684879634e+00 3.938000256115787412e+00 4.215811456107344313e+00 4.410736035312325498e+00 4.215811456107321220e+00 3.938000256115780751e+00 3.547423866684877858e+00 3.101191957319002324e+00 2.644561838573540768e+00 2.207983347165676680e+00 1.808519982983975316e+00 1.453338921496123648e+00 1.143318575207224130e+00 8.758691622750904848e-01 6.468158353785520287e-01 4.515213769895476958e-01 2.854894342226568238e-01 1.446482019597536972e-01 2.545260483389697945e-02 -7.510881313037130746e-02 -1.595519363068610419e-01 -2.299522512493261117e-01 -2.880026327679889309e-01 -3.350667600187143269e-01 -3.722252289233988209e-01 -4.003135242817820738e-01 -4.199519789818598192e-01 -4.315682420762465554e-01 -4.354128284481052491e-01 -4.315682420762469995e-01 -4.199519789818628168e-01 -4.003135242817876249e-01 -3.722252289234055933e-01 -3.350667600187238193e-01 -2.880026327679998666e-01 -2.299522512493359372e-01 -1.595519363068723384e-01 -7.510881313037962026e-02 2.545260483388864930e-02 1.446482019597543633e-01
1.446482019597731539e-01 2.854894342226799164e-01 4.515213769895628504e-01 6.468158353785720127e-01 8.758691622751070271e-01 1.143318575207244336e+00 1.453338921496133862e+00 1.808519982983986862e+00 2.207983347165683341e+00 2.644561838573536772e+00 3.101191957318999215e+00 3.547423866684871196e+00 3.938000256115780306e+00 4.215811456107321220e+00 4.410736035312331715e+00 4.215811456107346089e+00 3.938000256115792297e+00 3.547423866684881855e+00 3.101191957319006764e+00 2.644561838573538992e+00 2.207983347165672239e+00 1.808519982983972652e+00 1.453338921496116320e+00 1.143318575207222576e+00 8.758691622750832684e-01 6.468158353785457004e-01 4.515213769895415341e-01 2.854894342226469983e-01 1.446482019597477575e-01 2.545260483389017586e-02 -7.510881313037673368e-02 -1.595519363068655661e-01 -2.299522512493278326e-01 -2.880026327679932607e-01 -3.350667600187147710e-01 -3.722252289234002087e-01 -4.003135242817847383e-01 -4.199519789818607629e-01 -4.315682420762456672e-01 -4.354128284481059152e-01 -4.315682420762461668e-01 -4.199519789818632609e-01 -4.003135242817854600e-01 -3.722252289234050382e-01 -3.350667600187207107e-01 -2.880026327679975351e-01 -2.299522512493323290e-01 -1.595519363068670926e-01 -7.510881313037516549e-02 2.545260483389861703e-02
2.545260483391672754e-02 1.446482019597773727e-01 2.854894342226729775e-01 4.515213769895677354e-01 6.468158353785719017e-01 8.758691622751072492e-01 1.143318575207241894e+00 1.453338921496136082e+00 1.808519982983985530e+00 2.207983347165676680e+00 2.644561838573541213e+00 3.101191957319003656e+00 3.547423866684877858e+00 3.938000256115780751e+00 4.215811456107346089e+00 4.410736035312329051e+00 4.215811456107338095e+00 3.938000256115779418e+00 3.547423866684873861e+00 3.101191957318997439e+00 2.644561838573534107e+00 2.207983347165668686e+00 1.808519982983969321e+00 1.453338921496117653e+00 1.143318575207218579e+00 8.758691622750789385e-01 6.468158353785437020e-01 4.515213769895363716e-01 2.854894342226464432e-01 1.446482019597444268e-01 2.545260483388747663e-02 -7.510881313037653939e-02 -1.595519363068644281e-01 -2.299522512493279713e-01 -2.880026327679907072e-01 -3.350667600187142714e-01 -3.722252289234013745e-01 -4.003135242817835726e-01 -4.199519789818593751e-01 -4.315682420762443350e-01 -4.354128284481061373e-01 -4.315682420762456672e-01 -4.199519789818612070e-01 -4.003135242817870143e-01 -3.722252289234041500e-01 -3.350667600187204886e-01 -2.880026327679950926e-01 -2.299522512493280824e-01 -1.595519363068635399e-01 -7.510881313036817108e-02
-7.510881313035153162e-02 2.545260483391834083e-02 1.446482019597727930e-01 2.854894342226761972e-01 4.515213769895670692e-01 6.468158353785743442e-01 8.758691622751038075e-01 1.143318575207241450e+00 1.453338921496132752e+00 1.808519982983980645e+00 2.207983347165677124e+00 2.644561838573540768e+00 3.101191957319007209e+00 3.547423866684877858e+00 3.938000256115792297e+00 4.215811456107338095e+00 4.410736035312322834e+00 4.215811456107328326e+00 3.938000256115772313e+00 3.547423866684867200e+00 3.101191957318992998e+00 2.644561838573528778e+00 2.207983347165659804e+00 1.808519982983965768e+00 1.453338921496107439e+00 1.143318575207209253e+00 8.758691622750705008e-01 6.468158353785342651e-01 4.515213769895300433e-01 2.854894342226400039e-01 1.446482019597411239e-01 2.545260483388523884e-02 -7.510881313037970353e-02 -1.595519363068689522e-01 -2.299522512493294146e-01 -2.880026327679923170e-01 -3.350667600187185458e-01 -3.722252289234012634e-01 -4.003135242817844053e-01 -4.199519789818604854e-01 -4.315682420762452232e-01 -4.354128284481039168e-01 -4.315682420762453342e-01 -4.199519789818606519e-01 -4.003135242817838502e-01 -3.722252289234027622e-01 -3.350667600187167139e-01 -2.880026327679899856e-01 -2.299522512493243354e-01 -1.595519363068564900e-01
-1.595519363068423069e-01 -7.510881313034742379e-02 2.545260483391529119e-02 1.446482019597762347e-01 2.854894342226756421e-01 4.515213769895680129e-01 6.468158353785690151e-01 8.758691622751024752e-01 1.143318575207235233e+00 1.453338921496129199e+00 1.808519982983978869e+00 2.207983347165677124e+00 2.644561838573538548e+00 3.101191957319002324e+00 3.547423866684881855e+00 3.938000256115779418e+00 4.215811456107328326e+00 4.410736035312337933e+00 4.215811456107338095e+00 3.938000256115782527e+00 3.547423866684867200e+00 3.101191957318992110e+00 2.644561838573517232e+00 2.207983347165656252e+00 1.808519982983954222e+00 1.453338921496095004e+00 1.143318575207200594e+00 8.758691622750607308e-01 6.468158353785272707e-01 4.515213769895247697e-01 2.854894342226346748e-01 1.446482019597364332e-01 2.545260483388413555e-02 -7.510881313038332563e-02 -1.595519363068701735e-01 -2.299522512493301085e-01 -2.880026327679954257e-01 -3.350667600187172690e-01 -3.722252289233998201e-01 -4.003135242817819073e-01 -4.199519789818599302e-01 -4.315682420762436133e-01 -4.354128284481015299e-01 -4.315682420762428362e-01 -4.199519789818581539e-01 -4.003135242817816297e-01 -3.722252289233977107e-01 -3.350667600187119954e-01 -2.880026327679863218e-01 -2.299522512493180904e-01
-2.299522512493045734e-01 -1.595519363068381435e-01 -7.510881313035078222e-02 2.545260483391911799e-02 1.446482019597753188e-01 2.854894342226799164e-01 4.515213769895677909e-01 6.468158353785700143e-01 8.758691622751005879e-01 1.143318575207234344e+00 1.453338921496125868e+00 1.808519982983979757e+00 2.207983347165678012e+00 2.644561838573540768e+00 3.101191957319006764e+00 3.547423866684873861e+00 3.938000256115772313e+00 4.215811456107338095e+00 4.410736035312329051e+00 4.215811456107327437e+00 3.938000256115765652e+00 3.547423866684855209e+00 3.101191957318975234e+00 2.644561838573513679e+00 2.207983347165641597e+00 1.808519982983938901e+00 1.453338921496085012e+00 1.143318575207186605e+00 8.758691622750495176e-01 6.468158353785161685e-01 4.515213769895163876e-01 2.854894342226281245e-01 1.446482019597311597e-01 2.545260483387819933e-02 -7.510881313038496321e-02 -1.595519363068707286e-01 -2.299522512493330784e-01 -2.880026327679923170e-01 -3.350667600187167139e-01 -3.722252289233992095e-01 -4.003135242817817407e-01 -4.199519789818564885e-01 -4.315682420762412819e-01 -4.354128284481009747e-01 -4.315682420762411708e-01 -4.199519789818573767e-01 -4.003135242817794648e-01 -3.722252289233963785e-01 -3.350667600187089978e-01 -2.880026327679811593e-01
-2.880026327679701126e-01 -2.299522512493021864e-01 -1.595519363068393925e-01 -7.510881313034853402e-02 2.545260483391836165e-02 1.446482019597783442e-01 2.854894342226760307e-01 4.515213769895669582e-01 6.468158353785623538e-01 8.758691622750969241e-01 1.143318575207232124e+00 1.453338921496124980e+00 1.808519982983979091e+00 2.207983347165676680e+00 2.644561838573538992e+00 3.101191957318997439e+00 3.547423866684867200e+00 3.938000256115782527e+00 4.215811456107327437e+00 4.410736035312309511e+00 4.215811456107307897e+00 3.938000256115758990e+00 3.547423866684845883e+00 3.101191957318977455e+00 2.644561838573504797e+00 2.207983347165633159e+00 1.808519982983932683e+00 1.453338921496075242e+00 1.143318575207182164e+00 8.758691622750472972e-01 6.468158353785170567e-01 4.515213769895162765e-01 2.854894342226296233e-01 1.446482019597342961e-01 2.545260483387980915e-02 -7.510881313038046680e-02 -1.595519363068682861e-01 -2.299522512493284709e-01 -2.880026327679901521e-01 -3.350667600187136608e-01 -3.722252289233972666e-01 -4.003135242817776884e-01 -4.199519789818533244e-01 -4.315682420762392280e-01 -4.354128284480975886e-01 -4.315682420762375071e-01 -4.199519789818520477e-01 -4.003135242817740247e-01 -3.722252289233896616e-01 -3.350667600187039463e-01
-3.350667600186941208e-01 -2.880026327679675591e-01 -2.299522512493004933e-01 -1.595519363068358121e-01 -7.510881313034802054e-02 2.545260483392174436e-02 1.446482019597753188e-01 2.854894342226756976e-01 4.515213769895590756e-01 6.468158353785650183e-01 8.758691622750929273e-01 1.143318575207228571e+00 1.453338921496121205e+00 1.808519982983975316e+00 2.207983347165672239e+00 2.644561838573534107e+00 3.101191957318992998e+00 3.547423866684867200e+00 3.938000256115765652e+00 4.215811456107307897e+00 4.410736035312312175e+00 4.215811456107315003e+00 3.938000256115746556e+00 3.547423866684846328e+00 3.101191957318964576e+00 2.644561838573493251e+00 2.207983347165626942e+00 1.808519982983926466e+00 1.453338921496070135e+00 1.143318575207175058e+00 8.758691622750413019e-01 6.468158353785101733e-01 4.515213769895132234e-01 2.854894342226277915e-01 1.446482019597317148e-01 2.545260483388148490e-02 -7.510881313038247908e-02 -1.595519363068673147e-01 -2.299522512493280268e-01 -2.880026327679900411e-01 -3.350667600187123285e-01 -3.722252289233952682e-01 -4.003135242817762451e-01 -4.199519789818521032e-01 -4.315682420762360083e-01 -4.354128284480959787e-01 -4.315682420762341764e-01 -4.199519789818497717e-01 -4.003135242817707495e-01 -3.722252289233870526e-01
-3.722252289233800582e-01 -3.350667600186923445e-01 -2.880026327679658937e-01 -2.299522512493017701e-01 -1.595519363068384489e-01 -7.510881313034549478e-02 2.545260483391675529e-02 1.446482019597732926e-01 2.854894342226684256e-01 4.515213769895584095e-01 6.468158353785586900e-01 8.758691622750925942e-01 1.143318575207226573e+00 1.453338921496123648e+00 1.808519982983972652e+00 2.207983347165668686e+00 2.644561838573528778e+00 3.101191957318992110e+00 3.547423866684855209e+00 3.938000256115758990e+00 4.215811456107315003e+00 4.410736035312292636e+00 4.215811456107283917e+00 3.938000256115736786e+00 3.547423866684821014e+00 3.101191957318943704e+00 2.644561838573475487e+00 2.207983347165607402e+00 1.808519982983910479e+00 1.453338921496057701e+00 1.143318575207167731e+00 8.758691622750371941e-01 6.468158353785077308e-01 4.515213769895132234e-01 2.854894342226265702e-01 1.446482019597339352e-01 2.545260483388233838e-02 -7.510881313037913454e-02 -1.595519363068651497e-01 -2.299522512493262227e-01 -2.880026327679870435e-01 -3.350667600187093309e-01 -3.722252289233921596e-01 -4.003135242817726369e-01 -4.199519789818485505e-01 -4.315682420762332328e-01 -4.354128284480909272e-01 -4.315682420762318450e-01 -4.199519789818459969e-01 -4.003135242817668638e-01
-4.003135242817636996e-01 -3.722252289233780043e-01 -3.350667600186906236e-01 -2.880026327679648390e-01 -2.299522512493024917e-01 -1.595519363068353957e-01 -7.510881313034883933e-02 2.545260483391622794e-02 1.446482019597690460e-01 2.854894342226665382e-01 4.515213769895552454e-01 6.468158353785573578e-01 8.758691622750865990e-01 1.143318575207224130e+00 1.453338921496116320e+00 1.808519982983969321e+00 2.207983347165659804e+00 2.644561838573517232e+00 3.101191957318975234e+00 3.547423866684845883e+00 3.938000256115746556e+00 4.215811456107283917e+00 4.410736035312277536e+00 4.215811456107289246e+00 3.938000256115721243e+00 3.547423866684817018e+00 3.101191957318939707e+00 2.644561838573471491e+00 2.207983347165607402e+00 1.808519982983908037e+00 1.453338921496057923e+00 1.143318575207167287e+00 8.758691622750346406e-01 6.468158353785113945e-01 4.515213769895122242e-01 2.854894342226309001e-01 1.446482019597378210e-01 2.545260483388776807e-02 -7.510881313037506835e-02 -1.595519363068604590e-01 -2.299522512493209769e-01 -2.880026327679827136e-01 -3.350667600187056117e-01 -3.722252289233891065e-01 -4.003135242817701389e-01 -4.199519789818463855e-01 -4.315682420762290139e-01 -4.354128284480878741e-01 -4.315682420762277371e-01 -4.199519789818418336e-01
-4.199519789818420556e-01 -4.003135242817633666e-01 -3.722252289233775047e-01 -3.350667600186912898e-01 -2.880026327679685028e-01 -2.299522512493014648e-01 -1.595519363068397811e-01 -7.510881313035082385e-02 2.545260483390830719e-02 1.446482019597687407e-01 2.854894342226639847e-01 4.515213769895525808e-01 6.468158353785556924e-01 8.758691622750904848e-01 1.143318575207222576e+00 1.453338921496117653e+00 1.808519982983965768e+00 2.207983347165656252e+00 2.644561838573513679e+00 3.101191957318977455e+00 3.547423866684846328e+00 3.938000256115736786e+00 4.215811456107289246e+00 4.410736035312260661e+00 4.215811456107247501e+00 3.938000256115695485e+00 3.547423866684791260e+00 3.101191957318913062e+00 2.644561838573456392e+00 2.207983347165591859e+00 1.808519982983902707e+00 1.453338921496053926e+00 1.143318575207167287e+00 8.758691622750404138e-01 6.468158353785128378e-01 4.515213769895173312e-01 2.854894342226343418e-01 1.446482019597403190e-01 2.545260483388937442e-02 -7.510881313037270912e-02 -1.595519363068580165e-01 -2.299522512493176740e-01 -2.880026327679793274e-01 -3.350667600187011153e-01 -3.722252289233842215e-01 -4.003135242817654760e-01 -4.199519789818420556e-01 -4.315682420762265714e-01 -4.354128284480828781e-01 -4.315682420762243510e-01
-4.315682420762262939e-01 -4.199519789818382254e-01 -4.003135242817584261e-01 -3.722252289233760614e-01 -3.350667600186932327e-01 -2.880026327679658937e-01 -2.299522512493037130e-01 -1.595519363068423346e-01 -7.510881313035867868e-02 2.545260483390756126e-02 1.446482019597624680e-01 2.854894342226613757e-01 4.515213769895476403e-01 6.468158353785520287e-01 8.758691622750832684e-01 1.143318575207218579e+00 1.453338921496107439e+00 1.808519982983954222e+00 2.207983347165641597e+00 2.644561838573504797e+00 3.101191957318964576e+00 3.547423866684821014e+00 3.938000256115721243e+00 4.215811456107247501e+00 4.410736035312244674e+00 4.215811456107246613e+00 3.938000256115695485e+00 3.547423866684787708e+00 3.101191957318918391e+00 2.644561838573456836e+00 2.207983347165594523e+00 1.808519982983903818e+00 1.453338921496059033e+00 1.143318575207175058e+00 8.758691622750444106e-01 6.468158353785216086e-01 4.515213769895264351e-01 2.854894342226426129e-01 1.446482019597478685e-01 2.545260483389554657e-02 -7.510881313036622819e-02 -1.595519363068522989e-01 -2.299522512493122062e-01 -2.880026327679754417e-01 -3.350667600186998385e-01 -3.722252289233803912e-01 -4.003135242817637551e-01 -4.199519789818393356e-01 -4.315682420762230742e-01 -4.354128284480819344e-01
-4.354128284480860978e-01 -4.315682420762249061e-01 -4.199519789818365600e-01 -4.003135242817601469e-01 -3.722252289233786704e-01 -3.350667600186926220e-01 -2.880026327679690579e-01 -2.299522512493060999e-01 -1.595519363068484686e-01 -7.510881313035916440e-02 2.545260483390516734e-02 1.446482019597610247e-01 2.854894342226572124e-01 4.515213769895476958e-01 6.468158353785457004e-01 8.758691622750789385e-01 1.143318575207209253e+00 1.453338921496095004e+00 1.808519982983938901e+00 2.207983347165633159e+00 2.644561838573493251e+00 3.101191957318943704e+00 3.547423866684817018e+00 3.938000256115695485e+00 4.215811456107246613e+00 4.410736035312228687e+00 4.215811456107236843e+00 3.938000256115679942e+00 3.547423866684784155e+00 3.101191957318916170e+00 2.644561838573457724e+00 2.207983347165598964e+00 1.808519982983910035e+00 1.453338921496066805e+00 1.143318575207179055e+00 8.758691622750536254e-01 6.468158353785278258e-01 4.515213769895300433e-01 2.854894342226454995e-01 1.446482019597514490e-01 2.545260483390002909e-02 -7.510881313036399387e-02 -1.595519363068487462e-01 -2.299522512493118453e-01 -2.880026327679732767e-01 -3.350667600186962858e-01 -3.722252289233803357e-01 -4.003135242817623674e-01 -4.199519789818383364e-01 -4.315682420762226856e-01
-4.315682420762282923e-01 -4.354128284480857092e-01 -4.315682420762242955e-01 -4.199519789818397242e-01 -4.003135242817650874e-01 -3.722252289233802802e-01 -3.350667600186962858e-01 -2.880026327679729992e-01 -2.299522512493135384e-01 -1.595519363068499674e-01 -7.510881313036213425e-02 2.545260483390288792e-02 1.446482019597575275e-01 2.854894342226568238e-01 4.515213769895415341e-01 6.468158353785437020e-01 8.758691622750705008e-01 1.143318575207200594e+00 1.453338921496085012e+00 1.808519982983932683e+00 2.207983347165626942e+00 2.644561838573475487e+00 3.101191957318939707e+00 3.547423866684791260e+00 3.938000256115695485e+00 4.215811456107236843e+00 4.410736035312241121e+00 4.215811456107231514e+00 3.938000256115683939e+00 3.547423866684782823e+00 3.101191957318914394e+00 2.644561838573457280e+00 2.207983347165602961e+00 1.808519982983916696e+00 1.453338921496070135e+00 1.143318575207187715e+00 8.758691622750589545e-01 6.468158353785322667e-01 4.515213769895350948e-01 2.854894342226489967e-01 1.446482019597567226e-01 2.545260483390266240e-02 -7.510881313036076035e-02 -1.595519363068455820e-01 -2.299522512493089033e-01 -2.880026327679705567e-01 -3.350667600186932327e-01 -3.722252289233770606e-01 -4.003135242817589812e-01 -4.199519789818359494e-01
-4.199519789818429438e-01 -4.315682420762269045e-01 -4.354128284480833777e-01 -4.315682420762245730e-01 -4.199519789818407789e-01 -4.003135242817634221e-01 -3.722252289233821121e-01 -3.350667600186986728e-01 -2.880026327679801601e-01 -2.299522512493145376e-01 -1.595519363068535201e-01 -7.510881313036531226e-02 2.545260483389846090e-02 1.446482019597536972e-01 2.854894342226469983e-01 4.515213769895363716e-01 6.468158353785342651e-01 8.758691622750607308e-01 1.143318575207186605e+00 1.453338921496075242e+00 1.808519982983926466e+00 2.207983347165607402e+00 2.644561838573471491e+00 3.101191957318913062e+00 3.547423866684787708e+00 3.938000256115679942e+00 4.215811456107231514e+00 4.410736035312227798e+00 4.215811456107243060e+00 3.938000256115689268e+00 3.547423866684793481e+00 3.101191957318926828e+00 2.644561838573468826e+00 2.207983347165618060e+00 1.808519982983925356e+00 1.453338921496083236e+00 1.143318575207196819e+00 8.758691622750689465e-01 6.468158353785427028e-01 4.515213769895402018e-01 2.854894342226580450e-01 1.446482019597630231e-01 2.545260483390783882e-02 -7.510881313035502882e-02 -1.595519363068427787e-01 -2.299522512493049342e-01 -2.880026327679678366e-01 -3.350667600186921224e-01 -3.722252289233768385e-01 -4.003135242817607020e-01
-4.003135242817684181e-01 -4.199519789818434989e-01 -4.315682420762256832e-01 -4.354128284480865974e-01 -4.315682420762286253e-01 -4.199519789818428883e-01 -4.003135242817671968e-01 -3.722252289233859979e-01 -3.350667600187052786e-01 -2.880026327679807707e-01 -2.299522512493186455e-01 -1.595519363068556573e-01 -7.510881313037033602e-02 2.545260483389697945e-02 1.446482019597477575e-01 2.854894342226464432e-01 4.515213769895300433e-01 6.468158353785272707e-01 8.758691622750495176e-01 1.143318575207182164e+00 1.453338921496070135e+00 1.808519982983910479e+00 2.207983347165607402e+00 2.644561838573456392e+00 3.101191957318918391e+00 3.547423866684784155e+00 3.938000256115683939e+00 4.215811456107243060e+00 4.410736035312228687e+00 4.215811456107238619e+00 3.938000256115698594e+00 3.547423866684804583e+00 3.101191957318934822e+00 2.644561838573488366e+00 2.207983347165626054e+00 1.808519982983938901e+00 1.453338921496096559e+00 1.143318575207205035e+00 8.758691622750771621e-01 6.468158353785460335e-01 4.515213769895484730e-01 2.854894342226592663e-01 1.446482019597654933e-01 2.545260483390811637e-02 -7.510881313035469575e-02 -1.595519363068424179e-01 -2.299522512493040738e-01 -2.880026327679678366e-01 -3.350667600186924555e-01 -3.722252289233771161e-01
-3.722252289233868305e-01 -4.003135242817682515e-01 -4.199519789818417781e-01 -4.315682420762290139e-01 -4.354128284480892064e-01 -4.315682420762300686e-01 -4.199519789818462745e-01 -4.003135242817710271e-01 -3.722252289233917710e-01 -3.350667600187075545e-01 -2.880026327679838793e-01 -2.299522512493193949e-01 -1.595519363068599039e-01 -7.510881313037130746e-02 2.545260483389017586e-02 1.446482019597444268e-01 2.854894342226400039e-01 4.515213769895247697e-01 6.468158353785161685e-01 8.758691622750472972e-01 1.143318575207175058e+00 1.453338921496057701e+00 1.808519982983908037e+00 2.207983347165591859e+00 2.644561838573456836e+00 3.101191957318916170e+00 3.547423866684782823e+00 3.938000256115689268e+00 4.215811456107238619e+00 4.410736035312242009e+00 4.215811456107251942e+00 3.938000256115706144e+00 3.547423866684802807e+00 3.101191957318948589e+00 2.644561838573483481e+00 2.207983347165627830e+00 1.808519982983943786e+00 1.453338921496099223e+00 1.143318575207209253e+00 8.758691622750763850e-01 6.468158353785480319e-01 4.515213769895481954e-01 2.854894342226612092e-01 1.446482019597626900e-01 2.545260483390865414e-02 -7.510881313035498719e-02 -1.595519363068427510e-01 -2.299522512493048232e-01 -2.880026327679684472e-01 -3.350667600186927886e-01
-3.350667600187051676e-01 -3.722252289233849432e-01 -4.003135242817671413e-01 -4.199519789818464965e-01 -4.315682420762316229e-01 -4.354128284480928146e-01 -4.315682420762325666e-01 -4.199519789818508264e-01 -4.003135242817760231e-01 -3.722252289233937694e-01 -3.350667600187087203e-01 -2.880026327679842679e-01 -2.299522512493228088e-01 -1.595519363068610419e-01 -7.510881313037673368e-02 2.545260483388747663e-02 1.446482019597411239e-01 2.854894342226346748e-01 4.515213769895163876e-01 6.468158353785170567e-01 8.758691622750413019e-01 1.143318575207167731e+00 1.453338921496057923e+00 1.808519982983902707e+00 2.207983347165594523e+00 2.644561838573457724e+00 3.101191957318914394e+00 3.547423866684793481e+00 3.938000256115698594e+00 4.215811456107251942e+00 4.410736035312247338e+00 4.215811456107259936e+00 3.938000256115711917e+00 3.547423866684819238e+00 3.101191957318948145e+00 2.644561838573496804e+00 2.207983347165642041e+00 1.808519982983951557e+00 1.453338921496105884e+00 1.143318575207212140e+00 8.758691622750810479e-01 6.468158353785505854e-01 4.515213769895481954e-01 2.854894342226614867e-01 1.446482019597642998e-01 2.545260483390929251e-02 -7.510881313035373819e-02 -1.595519363068420571e-01 -2.299522512493044624e-01 -2.880026327679695575e-01
