2.915108829758243036e+00 2.708857430762283247e+00 2.430972337945960238e+00 2.043235232779186727e+00 1.607990698756661452e+00 1.180381285691437521e+00 7.946825751950404859e-01 4.709439771397677665e-01 2.154105544675150585e-01 2.619429169506668278e-02 -1.044248721587451301e-01 -1.865791180500166180e-01 -2.310150266246316364e-01 -2.476033217925879826e-01 -2.450390233538324303e-01 -2.302252803911681023e-01 -2.083595181039784860e-01 -1.833542610824386299e-01 -1.578921947558698524e-01 -1.338077935959538223e-01 -1.122932723995493376e-01 -9.409569778039017507e-02 -7.965889701695139102e-02 -6.923051604083824140e-02 -6.293602842933222752e-02 -6.083301573468471307e-02 -6.293602842933214425e-02 -6.923051604083871324e-02 -7.965889701695201552e-02 -9.409569778038988364e-02 -1.122932723995495596e-01 -1.338077935959531006e-01 -1.578921947558697969e-01 -1.833542610824396291e-01 -2.083595181039773481e-01 -2.302252803911674084e-01 -2.450390233538324303e-01 -2.476033217925874830e-01 -2.310150266246323858e-01 -1.865791180500183666e-01 -1.044248721587504453e-01 2.619429169505923041e-02 2.154105544675037343e-01 4.709439771397536667e-01 7.946825751950262751e-01 1.180381285691417315e+00 1.607990698756640580e+00 2.043235232779170740e+00 2.430972337945941586e+00 2.708857430762272589e+00
2.708857430762283247e+00 2.911223498854043523e+00 2.701222096245204263e+00 2.420459462329236811e+00 2.028733763401726176e+00 1.593789449379348744e+00 1.166354847423509034e+00 7.829262226402763369e-01 4.621250431842312545e-01 2.107104330382700008e-01 2.553816692589828963e-02 -1.015522721925791877e-01 -1.811585219373913758e-01 -2.240464577976675753e-01 -2.402147262245308279e-01 -2.380111329548678378e-01 -2.239751279038821041e-01 -2.031810363075231274e-01 -1.792613997678416116e-01 -1.548017595056984663e-01 -1.315692473332393253e-01 -1.107398853167839148e-01 -9.306883473030844178e-02 -7.902364368414083184e-02 -6.888137392872585585e-02 -6.280452026783507613e-02 -6.088495207360961753e-02 -6.317672772940570447e-02 -6.970059702847888894e-02 -8.043794378646655641e-02 -9.529714484052793921e-02 -1.140617984214439690e-01 -1.363089250188682378e-01 -1.612951184895156376e-01 -1.877911938182125762e-01 -2.139035192786023498e-01 -2.367225319804120987e-01 -2.522545180033131107e-01 -2.549799341109448836e-01 -2.376275019190360605e-01 -1.916192696215181790e-01 -1.069752806962740999e-01 2.674725501261651303e-02 2.192642387770428469e-01 4.774517418284151549e-01 8.032587904767923837e-01 1.189387296930644267e+00 1.617316037907649440e+00 2.049352749241048599e+00 2.434554340239234005e+00
2.430972337945960238e+00 2.701222096245204263e+00 2.898384174927605805e+00 2.685365693798773545e+00 2.399475115636412692e+00 2.007807418826944357e+00 1.572608091651408024e+00 1.147548928237482890e+00 7.672561957797674470e-01 4.514517292333078413e-01 2.051627698172929504e-01 2.480109512348812814e-02 -9.846440018291216512e-02 -1.754445799870801570e-01 -2.170502016151760194e-01 -2.329914005348176775e-01 -2.312190653515853733e-01 -2.180977444921969322e-01 -1.983638284204120028e-01 -1.755040844358777552e-01 -1.519971594583370833e-01 -1.295664184362737281e-01 -1.093773131221650319e-01 -9.219693611101055508e-02 -7.851477416654426000e-02 -6.864106073209318148e-02 -6.277005669505790475e-02 -6.103219491552977494e-02 -6.351661682893000593e-02 -7.028366117956745540e-02 -8.135082944069903232e-02 -9.666220409704869010e-02 -1.160305864033215895e-01 -1.390505877520082922e-01 -1.649648358944316995e-01 -1.925143470719113126e-01 -2.196264269376671796e-01 -2.433438495679434432e-01 -2.593962207089973160e-01 -2.619017797401879122e-01 -2.436986659988129855e-01 -1.960232306361250343e-01 -1.090799378563682698e-01 2.718884681246242288e-02 2.219921790058946021e-01 4.819418972074226426e-01 8.082545587627715244e-01 1.194556356543476694e+00 1.619796722233575625e+00 2.049352749241046379e+00
2.043235232779186727e+00 2.420459462329236811e+00 2.685365693798773545e+00 2.876619063139237209e+00 2.657481450471462558e+00 2.370738134629938099e+00 1.977933598245304347e+00 1.544919353141687823e+00 1.122963965192871560e+00 7.484881879044333886e-01 4.389490260479217421e-01 1.989585590625497225e-01 2.401079730914333632e-02 -9.521444650418493805e-02 -1.697050147141543064e-01 -2.101980887084979877e-01 -2.259922547749037836e-01 -2.248034210578409298e-01 -2.125981732950076031e-01 -1.939068455327639662e-01 -1.720592817276218878e-01 -1.494534061458742680e-01 -1.277758650750243086e-01 -1.081866096135198629e-01 -9.146305220332839880e-02 -7.812125000086850291e-02 -6.849863216605277250e-02 -6.282585569043577789e-02 -6.126699180642047188e-02 -6.395034776257851883e-02 -7.097301402115624436e-02 -8.239039477780597809e-02 -9.818075905120624003e-02 -1.181837111637495108e-01 -1.419966670867455205e-01 -1.688543640686012981e-01 -1.973603244742221374e-01 -2.254198648723097498e-01 -2.498439418691708602e-01 -2.660224435489123573e-01 -2.681747648975122411e-01 -2.489135622013667892e-01 -1.995736766493654002e-01 -1.107108211243250512e-01 2.748592996846717026e-02 2.237433824871216115e-01 4.842071437290519365e-01 8.105247090130831555e-01 1.194556356543478248e+00 1.617316037907651660e+00
1.607990698756661452e+00 2.028733763401726176e+00 2.399475115636412692e+00 2.657481450471462558e+00 2.836674447741278193e+00 2.617431562220536190e+00 2.328303557488788922e+00 1.937439962010030436e+00 1.507594680821006117e+00 1.092541295785972366e+00 7.258236259263094459e-01 4.245385427165152548e-01 1.921005012456808991e-01 2.315390145573415978e-02 -9.184358234106586305e-02 -1.638876490490590310e-01 -2.033113205306738558e-01 -2.191041923740042474e-01 -2.185188269385126558e-01 -2.072372528189097007e-01 -1.895665991077066515e-01 -1.687044305325214877e-01 -1.469740179360069232e-01 -1.260299903627424556e-01 -1.070242246569629158e-01 -9.074934508468983363e-02 -7.774058736579816942e-02 -6.836742682584960595e-02 -6.289095043832054754e-02 -6.151272983588607079e-02 -6.439695743003381878e-02 -7.167900987109759869e-02 -8.345086373475975317e-02 -9.972319885067358614e-02 -1.203503275140874323e-01 -1.449380559807352253e-01 -1.726197933612106661e-01 -2.019977622231506342e-01 -2.307899636075688710e-01 -2.555037699521119365e-01 -2.716253947327878504e-01 -2.731409106153073196e-01 -2.527090659358787184e-01 -2.019898149658486131e-01 -1.116066830952404387e-01 2.762557869697081919e-02 2.241677428030841579e-01 4.842071437290469960e-01 8.082545587627696371e-01 1.189387296930642268e+00
1.180381285691437521e+00 1.593789449379348744e+00 2.007807418826944357e+00 2.370738134629938099e+00 2.617431562220536190e+00 2.787995685793737799e+00 2.565248759557104741e+00 2.275987007503153858e+00 1.886949389993555215e+00 1.464078233365070814e+00 1.057602899019102427e+00 7.007774224721451395e-01 4.091832082348874078e-01 1.849122839136236041e-01 2.229241965098933964e-02 -8.852855679727858473e-02 -1.582174172045692218e-01 -1.967390328903686758e-01 -2.125723816645029851e-01 -2.126015886720174497e-01 -2.022112597485293262e-01 -1.855148737147148674e-01 -1.655883157091836144e-01 -1.446885674751782203e-01 -1.244375405174010935e-01 -1.059862084304734053e-01 -9.013475478095143989e-02 -7.744369814999015056e-02 -6.830787649867729738e-02 -6.302303669183594026e-02 -6.182457187938995152e-02 -6.491405235891256620e-02 -7.246390475525509023e-02 -8.460125276438958120e-02 -1.013589938351325548e-01 -1.226105274799767081e-01 -1.478890036876214786e-01 -1.763399398665446705e-01 -2.064154769497342778e-01 -2.355666458121235818e-01 -2.603849089118413507e-01 -2.761245054677694544e-01 -2.767743898158611660e-01 -2.552797601473756894e-01 -2.032370526505458685e-01 -1.119603960450745034e-01 2.762557869696540339e-02 2.237433824871119803e-01 4.819418972074135388e-01 8.032587904767907183e-01
7.946825751950404859e-01 1.166354847423509034e+00 1.572608091651408024e+00 1.977933598245304347e+00 2.328303557488788922e+00 2.565248759557104741e+00 2.722278356783370601e+00 2.498945904484515701e+00 2.209114433897498841e+00 1.826539508616578988e+00 1.412847236564109821e+00 1.018008134320912861e+00 6.733912506736940973e-01 3.926707048855382909e-01 1.774847190023307320e-01 2.142049945024258190e-02 -8.519731347357531459e-02 -1.526205027665170078e-01 -1.902714382870906162e-01 -2.061624475772872722e-01 -2.067890564678721843e-01 -1.972624577328824791e-01 -1.815110271697338851e-01 -1.624963444861330653e-01 -1.424070614635960796e-01 -1.228395765852559329e-01 -1.049344111856164441e-01 -8.950571097338226589e-02 -7.713091700574940812e-02 -6.823444700313116562e-02 -6.314198608250212730e-02 -6.212387524967914049e-02 -6.541749091955860462e-02 -7.323092545428899758e-02 -8.571779683620775470e-02 -1.029370900966054270e-01 -1.247127046608724199e-01 -1.506000821342557972e-01 -1.796282279564512530e-01 -2.100224326825180510e-01 -2.393079621390293843e-01 -2.638602569115124918e-01 -2.789120997078251007e-01 -2.787052362517730697e-01 -2.560441733762758298e-01 -2.032370526505498654e-01 -1.116066830952490985e-01 2.748592996845759459e-02 2.219921790058866085e-01 4.774517418284112136e-01
4.709439771397677665e-01 7.829262226402763369e-01 1.147548928237482890e+00 1.544919353141687823e+00 1.937439962010030436e+00 2.275987007503153858e+00 2.498945904484515701e+00 2.642998065420625320e+00 2.417549825557050447e+00 2.131529467094406716e+00 1.757214063911032076e+00 1.355944734919127148e+00 9.754055859474511925e-01 6.443535623779009791e-01 3.758023055462454409e-01 1.700434813250668309e-01 2.055328439282088152e-02 -8.193924581994968537e-02 -1.471635872750874374e-01 -1.839834431379951396e-01 -1.999268846066527550e-01 -2.011247129071485618e-01 -1.924269039016038851e-01 -1.775875462130124816e-01 -1.594539765722544633e-01 -1.401561217481740451e-01 -1.212551385491629496e-01 -1.038890084123100660e-01 -8.887644232484741280e-02 -7.681667231144868879e-02 -6.815812185695460657e-02 -6.325748486092135081e-02 -6.241823443116453762e-02 -6.591225531217377587e-02 -7.397585758585738247e-02 -8.679276977429789541e-02 -1.043900255525386511e-01 -1.266207611022190926e-01 -1.529515817522859311e-01 -1.822225167067247353e-01 -2.127217657593890865e-01 -2.417781657445501053e-01 -2.657280934385301552e-01 -2.800189943708470408e-01 -2.787052362517756787e-01 -2.552797601473818512e-01 -2.019898149658567732e-01 -1.107108211243358481e-01 2.718884681245403376e-02 2.192642387770417922e-01
2.154105544675150585e-01 4.621250431842312545e-01 7.672561957797674470e-01 1.122963965192871560e+00 1.507594680821006117e+00 1.886949389993555215e+00 2.209114433897498841e+00 2.417549825557050447e+00 2.544697005339977114e+00 2.322287924528679159e+00 2.041731658586732667e+00 1.679423957955174851e+00 1.293977161316751667e+00 9.296514977361586274e-01 6.142466492720540794e-01 3.586283553908522492e-01 1.625155188639685055e-01 1.968909832308756575e-02 -7.869712999209761695e-02 -1.417375399794832125e-01 -1.777129231724714764e-01 -1.936806480757234661e-01 -1.954168378110794080e-01 -1.875203325938525067e-01 -1.735702817272815057e-01 -1.563094643205259759e-01 -1.377976985413801869e-01 -1.195690917233966089e-01 -1.027477063812379382e-01 -8.816175073456959665e-02 -7.642516229774320990e-02 -6.801099156745094021e-02 -6.330441909591558169e-02 -6.264043135253008487e-02 -6.631851138399029455e-02 -7.460672422493522249e-02 -8.766943792589072804e-02 -1.055680831055761520e-01 -1.280897427229397978e-01 -1.545476791028496943e-01 -1.838354614280028609e-01 -2.140683388991490854e-01 -2.425273452799044382e-01 -2.657280934385331528e-01 -2.789120997078299302e-01 -2.767743898158691040e-01 -2.527090659358903757e-01 -1.995736766493780845e-01 -1.090799378563762495e-01 2.674725501261665181e-02
2.619429169506668278e-02 2.107104330382700008e-01 4.514517292333078413e-01 7.484881879044333886e-01 1.092541295785972366e+00 1.464078233365070814e+00 1.826539508616578988e+00 2.131529467094406716e+00 2.322287924528679159e+00 2.435414617499134238e+00 2.216554427151246287e+00 1.944572077472143556e+00 1.597362068957095316e+00 1.229322344477865148e+00 8.834298541183370768e-01 5.843486647123681266e-01 3.416837832182287871e-01 1.551985969451704084e-01 1.885141996037902404e-02 -7.556077472876239487e-02 -1.364833802004265240e-01 -1.716282528919406136e-01 -1.876015884373056219e-01 -1.898438806767959175e-01 -1.827095812193971491e-01 -1.696185782805319509e-01 -1.532009891250185885e-01 -1.354583252051599906e-01 -1.178868599352172059e-01 -1.016035769017647195e-01 -8.743881537991833597e-02 -7.602237113915771838e-02 -6.784934818881273311e-02 -6.333200134116996616e-02 -6.283059832141035805e-02 -6.667650397356901515e-02 -7.512681132744984669e-02 -8.838451753480848494e-02 -1.064628157591945151e-01 -1.290266522727185339e-01 -1.554341877864249821e-01 -1.844278179064990641e-01 -2.140683388991522773e-01 -2.417781657445556842e-01 -2.638602569115209850e-01 -2.761245054677816113e-01 -2.731409106153208644e-01 -2.489135622013785298e-01 -1.960232306361352483e-01 -1.069752806962773889e-01
-1.044248721587451301e-01 2.553816692589828963e-02 2.051627698172929504e-01 4.389490260479217421e-01 7.258236259263094459e-01 1.057602899019102427e+00 1.412847236564109821e+00 1.757214063911032076e+00 2.041731658586732667e+00 2.216554427151246287e+00 2.315231888765558299e+00 2.102999010872997232e+00 1.842684129137019955e+00 1.512129175602201725e+00 1.164184828254696935e+00 8.376087531009502873e-01 5.548920440935131149e-01 3.252280152154670700e-01 1.481108861157570955e-01 1.804160859575003328e-02 -7.252504902558204458e-02 -1.313863437932012157e-01 -1.657071084519785020e-01 -1.816656801585540548e-01 -1.843783639460308821e-01 -1.779745350688878569e-01 -1.657090278220599289e-01 -1.501135103967242423e-01 -1.331205011873973498e-01 -1.161966676684342975e-01 -1.004439012362171729e-01 -8.669607840025236878e-02 -7.559592029301274996e-02 -6.765908202807000005e-02 -6.331875941156588083e-02 -6.296568717926598335e-02 -6.692474215026282536e-02 -7.549566247915640016e-02 -8.884692919246722775e-02 -1.068968774058911136e-01 -1.293499193857507445e-01 -1.554341877864269528e-01 -1.838354614280064137e-01 -2.127217657593961364e-01 -2.393079621390378775e-01 -2.603849089118522309e-01 -2.716253947328003959e-01 -2.681747648975237319e-01 -2.436986659988206183e-01 -1.916192696215205937e-01
-1.865791180500166180e-01 -1.015522721925791877e-01 2.480109512348812814e-02 1.989585590625497225e-01 4.245385427165152548e-01 7.007774224721451395e-01 1.018008134320912861e+00 1.355944734919127148e+00 1.679423957955174851e+00 1.944572077472143556e+00 2.102999010872997232e+00 2.189391908661701969e+00 1.986538116815466548e+00 1.738999039803113433e+00 1.427832516732411738e+00 1.100726696654761527e+00 7.932321621580954440e-01 5.267705655698046163e-01 3.095683096184905780e-01 1.413846235873009727e-01 1.727312091105117839e-02 -6.964104558437901604e-02 -1.265362343569111647e-01 -1.600634876906888437e-01 -1.759954415357403157e-01 -1.791516618162427299e-01 -1.734376680702570117e-01 -1.619628182801056970e-01 -1.471526517220739794e-01 -1.308821902805969439e-01 -1.145814140762153044e-01 -9.933989954384395138e-02 -8.599256864989816840e-02 -7.519404946741028994e-02 -6.747467548034015439e-02 -6.329538243125169827e-02 -6.304148648764061613e-02 -6.708480055330423575e-02 -7.570074470326219884e-02 -8.898612206409724223e-02 -1.068968774058908222e-01 -1.290266522727189502e-01 -1.545476791028531360e-01 -1.822225167067307583e-01 -2.100224326825272381e-01 -2.355666458121335460e-01 -2.555037699521227057e-01 -2.660224435489226824e-01 -2.619017797401960723e-01 -2.376275019190394189e-01
-2.310150266246316364e-01 -1.811585219373913758e-01 -9.846440018291216512e-02 2.401079730914333632e-02 1.921005012456808991e-01 4.091832082348874078e-01 6.733912506736940973e-01 9.754055859474511925e-01 1.293977161316751667e+00 1.597362068957095316e+00 1.842684129137019955e+00 1.986538116815466548e+00 2.063452228139386779e+00 1.870579912512666310e+00 1.638546465563106125e+00 1.347304951176697241e+00 1.040438374601771576e+00 7.516762637853425799e-01 5.005377941521298446e-01 2.950139501842879985e-01 1.351401517190443657e-01 1.655999236606060798e-02 -6.696432989737900743e-02 -1.220354849329338409e-01 -1.548260568534718107e-01 -1.707405299543687527e-01 -1.743132621436297436e-01 -1.692526585214368662e-01 -1.585203536816632841e-01 -1.444519559083197457e-01 -1.288603200622906730e-01 -1.131439019977285299e-01 -9.837870545556437474e-02 -8.540072357666639302e-02 -7.487104201958889871e-02 -6.734367758357798217e-02 -6.327207162715800526e-02 -6.309320436356682937e-02 -6.716175174443712870e-02 -7.570074470326335070e-02 -8.884692919246782450e-02 -1.064628157591956531e-01 -1.280897427229425733e-01 -1.529515817522919541e-01 -1.796282279564591633e-01 -2.064154769497439090e-01 -2.307899636075776972e-01 -2.498439418691804359e-01 -2.593962207090042549e-01 -2.549799341109472706e-01
-2.476033217925879826e-01 -2.240464577976675753e-01 -1.754445799870801570e-01 -9.521444650418493805e-02 2.315390145573415978e-02 1.849122839136236041e-01 3.926707048855382909e-01 6.443535623779009791e-01 9.296514977361586274e-01 1.229322344477865148e+00 1.512129175602201725e+00 1.738999039803113433e+00 1.870579912512666310e+00 1.938983801187915690e+00 1.759201447068217128e+00 1.543375590340713588e+00 1.271396080932820194e+00 9.844228973056323717e-01 7.132234979846462375e-01 4.763636314075787581e-01 2.816238183525812677e-01 1.294005427951125387e-01 1.590493789343185374e-02 -6.450736222284710053e-02 -1.179071654374263395e-01 -1.500326198566788727e-01 -1.659412815373348116e-01 -1.699147144857781622e-01 -1.654676016457032606e-01 -1.554342911060735133e-01 -1.420584297192121481e-01 -1.270982512480765270e-01 -1.119207482460580771e-01 -9.758944098206845386e-02 -8.493615221513224622e-02 -7.463980836311247258e-02 -6.724158532753721218e-02 -6.325135509847376603e-02 -6.309320436356598283e-02 -6.708480055330542924e-02 -7.549566247915739936e-02 -8.838451753481040007e-02 -1.055680831055787611e-01 -1.266207611022238388e-01 -1.506000821342619589e-01 -1.763399398665509987e-01 -2.019977622231566294e-01 -2.254198648723156062e-01 -2.433438495679486613e-01 -2.522545180033149426e-01
-2.450390233538324303e-01 -2.402147262245308279e-01 -2.170502016151760194e-01 -1.697050147141543064e-01 -9.184358234106586305e-02 2.229241965098933964e-02 1.774847190023307320e-01 3.758023055462454409e-01 6.142466492720540794e-01 8.834298541183370768e-01 1.164184828254696935e+00 1.427832516732411738e+00 1.638546465563106125e+00 1.759201447068217128e+00 1.822960071830839635e+00 1.656650424371101549e+00 1.456131812046986607e+00 1.202823302480669820e+00 9.340578125749167127e-01 6.788304272866735323e-01 4.548098720244727056e-01 2.697182371142000656e-01 1.243112756388031481e-01 1.532612073774923360e-02 -6.234418731611163222e-02 -1.142935591660021732e-01 -1.458637767306755206e-01 -1.618083765136535956e-01 -1.661709646169327870e-01 -1.623010145908788393e-01 -1.529100807863873202e-01 -1.401625718193410530e-01 -1.257658304736496979e-01 -1.110593382671053592e-01 -9.709034639959696067e-02 -8.470151037101592006e-02 -7.455104262832726314e-02 -6.724158532753729545e-02 -6.327207162715817179e-02 -6.304148648764050511e-02 -6.692474215026365802e-02 -7.512681132745134549e-02 -8.766943792589274032e-02 -1.043900255525412879e-01 -1.247127046608769579e-01 -1.478890036876261693e-01 -1.726197933612145241e-01 -1.973603244742267726e-01 -2.196264269376698441e-01 -2.367225319804125983e-01
-2.302252803911681023e-01 -2.380111329548678378e-01 -2.329914005348176775e-01 -2.101980887084979877e-01 -1.638876490490590310e-01 -8.852855679727858473e-02 2.142049945024258190e-02 1.700434813250668309e-01 3.586283553908522492e-01 5.843486647123681266e-01 8.376087531009502873e-01 1.100726696654761527e+00 1.347304951176697241e+00 1.543375590340713588e+00 1.656650424371101549e+00 1.717991122624196398e+00 1.564180388086577889e+00 1.378648600308911787e+00 1.142226263403165687e+00 8.898171793242096728e-01 6.487452503686277350e-01 4.360320167588593310e-01 2.593900981987601329e-01 1.199193171564946203e-01 1.482957051162462660e-02 -6.050393979244806514e-02 -1.112490144853598151e-01 -1.424001513175219280e-01 -1.584322558490521282e-01 -1.631859255677748921e-01 -1.598563340512983155e-01 -1.510497641923697065e-01 -1.388587843254962262e-01 -1.249466642884538292e-01 -1.106229725532371921e-01 -9.693739508923363002e-02 -8.470151037101580904e-02 -7.463980836311259748e-02 -6.734367758357757971e-02 -6.329538243125290564e-02 -6.296568717926701031e-02 -6.667650397357127723e-02 -7.460672422493723477e-02 -8.679276977430069873e-02 -1.029370900966082580e-01 -1.226105274799805384e-01 -1.449380559807385560e-01 -1.688543640686034630e-01 -1.925143470719141991e-01 -2.139035192786017670e-01
-2.083595181039784860e-01 -2.239751279038821041e-01 -2.312190653515853733e-01 -2.259922547749037836e-01 -2.033113205306738558e-01 -1.582174172045692218e-01 -8.519731347357531459e-02 2.055328439282088152e-02 1.625155188639685055e-01 3.416837832182287871e-01 5.548920440935131149e-01 7.932321621580954440e-01 1.040438374601771576e+00 1.271396080932820194e+00 1.456131812046986607e+00 1.564180388086577889e+00 1.623931768936227149e+00 1.482703995164238675e+00 1.310741801435434395e+00 1.089472884254983009e+00 8.514930196265964035e-01 6.228137513100017175e-01 4.199340041247793809e-01 2.505942074410624221e-01 1.162070151638707333e-01 1.441429225044150650e-02 -5.898363284335524093e-02 -1.087774252586222457e-01 -1.396484854327171010e-01 -1.558318947442477731e-01 -1.609820306900024700e-01 -1.581612288677618217e-01 -1.498812533103385525e-01 -1.381722550618653955e-01 -1.246522000070616892e-01 -1.106229725532374281e-01 -9.709034639959737700e-02 -8.493615221513273195e-02 -7.487104201958885707e-02 -6.747467548034047358e-02 -6.331875941156749066e-02 -6.283059832141088541e-02 -6.631851138399072476e-02 -7.397585758585778493e-02 -8.571779683620882329e-02 -1.013589938351342618e-01 -1.203503275140873213e-01 -1.419966670867468528e-01 -1.649648358944331705e-01 -1.877911938182125207e-01
-1.833542610824386299e-01 -2.031810363075231274e-01 -2.180977444921969322e-01 -2.248034210578409298e-01 -2.191041923740042474e-01 -1.967390328903686758e-01 -1.526205027665170078e-01 -8.193924581994968537e-02 1.968909832308756575e-02 1.551985969451704084e-01 3.252280152154670700e-01 5.267705655698046163e-01 7.516762637853425799e-01 9.844228973056323717e-01 1.202823302480669820e+00 1.378648600308911787e+00 1.482703995164238675e+00 1.542690471212492032e+00 1.412707371458385319e+00 1.252847828243492501e+00 1.044775094428651796e+00 8.192353564793743992e-01 6.011493648249510713e-01 4.066084786225793724e-01 2.433913079510941213e-01 1.132118147142774922e-01 1.408512717955489289e-02 -5.780821087421651738e-02 -1.069262725337612463e-01 -1.376801995438415582e-01 -1.540902084539319816e-01 -1.596512284220576727e-01 -1.573084916658647747e-01 -1.494925703601770461e-01 -1.381722550618656453e-01 -1.249466642884530104e-01 -1.110593382671054702e-01 -9.758944098206911999e-02 -8.540072357666621261e-02 -7.519404946741028994e-02 -6.765908202807130456e-02 -6.333200134117052127e-02 -6.264043135253025141e-02 -6.591225531217341504e-02 -7.323092545428917799e-02 -8.460125276438983100e-02 -9.972319885067276735e-02 -1.181837111637486781e-01 -1.390505877520079037e-01 -1.612951184895140277e-01
-1.578921947558698524e-01 -1.792613997678416116e-01 -1.983638284204120028e-01 -2.125981732950076031e-01 -2.185188269385126558e-01 -2.125723816645029851e-01 -1.902714382870906162e-01 -1.471635872750874374e-01 -7.869712999209761695e-02 1.885141996037902404e-02 1.481108861157570955e-01 3.095683096184905780e-01 5.005377941521298446e-01 7.132234979846462375e-01 9.340578125749167127e-01 1.142226263403165687e+00 1.310741801435434395e+00 1.412707371458385319e+00 1.473533844761532707e+00 1.353633960548654702e+00 1.204351279227467097e+00 1.007637355301719051e+00 7.926826588446724831e-01 5.835228038825308605e-01 3.959156503979476271e-01 2.377206049845394242e-01 1.109082005082350081e-01 1.384023050282345499e-02 -5.697132097788085159e-02 -1.056924867386328931e-01 -1.364949103863231927e-01 -1.532135419088959671e-01 -1.592032892059231375e-01 -1.573084916658657184e-01 -1.498812533103383027e-01 -1.388587843254962539e-01 -1.257658304736499200e-01 -1.119207482460580771e-01 -9.837870545556383350e-02 -8.599256864989746063e-02 -7.559592029301269445e-02 -6.784934818881288576e-02 -6.330441909591545679e-02 -6.241823443116245596e-02 -6.541749091955856299e-02 -7.246390475525575636e-02 -8.345086373475883723e-02 -9.818075905120596247e-02 -1.160305864033214507e-01 -1.363089250188665447e-01
-1.338077935959538223e-01 -1.548017595056984663e-01 -1.755040844358777552e-01 -1.939068455327639662e-01 -2.072372528189097007e-01 -2.126015886720174497e-01 -2.061624475772872722e-01 -1.839834431379951396e-01 -1.417375399794832125e-01 -7.556077472876239487e-02 1.804160859575003328e-02 1.413846235873009727e-01 2.950139501842879985e-01 4.763636314075787581e-01 6.788304272866735323e-01 8.898171793242096728e-01 1.089472884254983009e+00 1.252847828243492501e+00 1.353633960548654702e+00 1.415875779072728768e+00 1.304812478131136544e+00 1.164679907023303818e+00 9.776155976972178419e-01 7.715348867513222020e-01 5.697357156523678023e-01 3.877592674835645403e-01 2.335302514204672664e-01 1.092827455951361493e-01 1.367821965080160199e-02 -5.647198529168274278e-02 -1.050771013456209546e-01 -1.361001098584709579e-01 -1.532135419088962724e-01 -1.596512284220586442e-01 -1.581612288677616551e-01 -1.510497641923697620e-01 -1.401625718193406089e-01 -1.270982512480759163e-01 -1.131439019977278776e-01 -9.933989954384370158e-02 -8.669607840025214673e-02 -7.602237113915732980e-02 -6.801099156745038510e-02 -6.325748486092025447e-02 -6.212387524967871721e-02 -6.491405235891158088e-02 -7.167900987109582234e-02 -8.239039477780442378e-02 -9.666220409704799621e-02 -1.140617984214429420e-01
-1.122932723995493376e-01 -1.315692473332393253e-01 -1.519971594583370833e-01 -1.720592817276218878e-01 -1.895665991077066515e-01 -2.022112597485293262e-01 -2.067890564678721843e-01 -1.999268846066527550e-01 -1.777129231724714764e-01 -1.364833802004265240e-01 -7.252504902558204458e-02 1.727312091105117839e-02 1.351401517190443657e-01 2.816238183525812677e-01 4.548098720244727056e-01 6.487452503686277350e-01 8.514930196265964035e-01 1.044775094428651796e+00 1.204351279227467097e+00 1.304812478131136544e+00 1.368813871688311146e+00 1.265460168688004483e+00 1.133184023169694132e+00 9.542322785313360756e-01 7.554491784169965474e-01 5.595938075777452392e-01 3.820179605372808762e-01 2.307708195582696131e-01 1.083148412642260944e-01 1.359768292305486154e-02 -5.630595947110631633e-02 -1.050771013456212460e-01 -1.364949103863232205e-01 -1.540902084539323980e-01 -1.609820306900031084e-01 -1.598563340512974551e-01 -1.529100807863875977e-01 -1.420584297192113432e-01 -1.288603200622905898e-01 -1.145814140762149158e-01 -1.004439012362176864e-01 -8.743881537991696207e-02 -7.642516229774247438e-02 -6.815812185695309389e-02 -6.314198608250057299e-02 -6.182457187938899396e-02 -6.439695743003162609e-02 -7.097301402115482882e-02 -8.135082944069808863e-02 -9.529714484052644041e-02
-9.409569778039017507e-02 -1.107398853167839148e-01 -1.295664184362737281e-01 -1.494534061458742680e-01 -1.687044305325214877e-01 -1.855148737147148674e-01 -1.972624577328824791e-01 -2.011247129071485618e-01 -1.936806480757234661e-01 -1.716282528919406136e-01 -1.313863437932012157e-01 -6.964104558437901604e-02 1.655999236606060798e-02 1.294005427951125387e-01 2.697182371142000656e-01 4.360320167588593310e-01 6.228137513100017175e-01 8.192353564793743992e-01 1.007637355301719051e+00 1.164679907023303818e+00 1.265460168688004483e+00 1.331518379059762891e+00 1.234868585525364049e+00 1.109307148688632561e+00 9.370609613651463832e-01 7.441686405317721187e-01 5.529227253431183708e-01 3.786124443408400708e-01 2.293997842644443230e-01 1.079939003868882891e-01 1.359768292305550512e-02 -5.647198529168284686e-02 -1.056924867386317968e-01 -1.376801995438407811e-01 -1.558318947442468572e-01 -1.631859255677741427e-01 -1.623010145908778679e-01 -1.554342911060731525e-01 -1.444519559083191906e-01 -1.308821902805960002e-01 -1.161966676684347971e-01 -1.016035769017642615e-01 -8.816175073456901379e-02 -7.681667231144752306e-02 -6.823444700313020805e-02 -6.302303669183437207e-02 -6.151272983588435689e-02 -6.395034776257801923e-02 -7.028366117956674763e-02 -8.043794378646536292e-02
-7.965889701695139102e-02 -9.306883473030844178e-02 -1.093773131221650319e-01 -1.277758650750243086e-01 -1.469740179360069232e-01 -1.655883157091836144e-01 -1.815110271697338851e-01 -1.924269039016038851e-01 -1.954168378110794080e-01 -1.876015884373056219e-01 -1.657071084519785020e-01 -1.265362343569111647e-01 -6.696432989737900743e-02 1.590493789343185374e-02 1.243112756388031481e-01 2.593900981987601329e-01 4.199340041247793809e-01 6.011493648249510713e-01 7.926826588446724831e-01 9.776155976972178419e-01 1.133184023169694132e+00 1.234868585525364049e+00 1.303264813202027472e+00 1.212456402324778804e+00 1.092571768816802180e+00 9.258003753790812196e-01 7.374750622216504903e-01 5.496192936825805564e-01 3.774807985889287454e-01 2.293997842644439622e-01 1.083148412642258307e-01 1.367821965080126718e-02 -5.697132097788098343e-02 -1.069262725337611769e-01 -1.396484854327171843e-01 -1.584322558490524058e-01 -1.661709646169321208e-01 -1.654676016457027887e-01 -1.585203536816623127e-01 -1.471526517220730912e-01 -1.331205011873978217e-01 -1.178868599352171642e-01 -1.027477063812375080e-01 -8.887644232484598339e-02 -7.713091700574921383e-02 -6.830787649867671452e-02 -6.289095043831895160e-02 -6.126699180641964615e-02 -6.351661682892872918e-02 -6.970059702847818117e-02
-6.923051604083824140e-02 -7.902364368414083184e-02 -9.219693611101055508e-02 -1.081866096135198629e-01 -1.260299903627424556e-01 -1.446885674751782203e-01 -1.624963444861330653e-01 -1.775875462130124816e-01 -1.875203325938525067e-01 -1.898438806767959175e-01 -1.816656801585540548e-01 -1.600634876906888437e-01 -1.220354849329338409e-01 -6.450736222284710053e-02 1.532612073774923360e-02 1.199193171564946203e-01 2.505942074410624221e-01 4.066084786225793724e-01 5.835228038825308605e-01 7.715348867513222020e-01 9.542322785313360756e-01 1.109307148688632561e+00 1.212456402324778804e+00 1.283510992936042872e+00 1.197762302471763185e+00 1.082679466946157021e+00 9.202217115788166035e-01 7.352661064270058500e-01 5.496192936825797792e-01 3.786124443408384055e-01 2.307708195582690858e-01 1.092827455951363991e-01 1.384023050282414714e-02 -5.780821087421577492e-02 -1.087774252586211632e-01 -1.424001513175205680e-01 -1.618083765136519026e-01 -1.699147144857766634e-01 -1.692526585214355062e-01 -1.619628182801042537e-01 -1.501135103967240203e-01 -1.354583252051595188e-01 -1.195690917233955958e-01 -1.038890084123085672e-01 -8.950571097338146098e-02 -7.744369814998830481e-02 -6.836742682584814879e-02 -6.282585569043516727e-02 -6.103219491552869247e-02 -6.317672772940453874e-02
-6.293602842933222752e-02 -6.888137392872585585e-02 -7.851477416654426000e-02 -9.146305220332839880e-02 -1.070242246569629158e-01 -1.244375405174010935e-01 -1.424070614635960796e-01 -1.594539765722544633e-01 -1.735702817272815057e-01 -1.827095812193971491e-01 -1.843783639460308821e-01 -1.759954415357403157e-01 -1.548260568534718107e-01 -1.179071654374263395e-01 -6.234418731611163222e-02 1.482957051162462660e-02 1.162070151638707333e-01 2.433913079510941213e-01 3.959156503979476271e-01 5.697357156523678023e-01 7.554491784169965474e-01 9.370609613651463832e-01 1.092571768816802180e+00 1.197762302471763185e+00 1.271795001008271475e+00 1.190491315901820890e+00 1.079388443652798957e+00 9.202217115788157153e-01 7.374750622216480478e-01 5.529227253431178157e-01 3.820179605372783227e-01 2.335302514204664337e-01 1.109082005082353412e-01 1.408512717955567178e-02 -5.898363284335376988e-02 -1.112490144853575808e-01 -1.458637767306730781e-01 -1.659412815373327577e-01 -1.743132621436271346e-01 -1.734376680702547080e-01 -1.657090278220585411e-01 -1.532009891250175060e-01 -1.377976985413780497e-01 -1.212551385491602574e-01 -1.049344111856149869e-01 -9.013475478094938598e-02 -7.774058736579719797e-02 -6.849863216605230065e-02 -6.277005669505730800e-02 -6.088495207360845873e-02
-6.083301573468471307e-02 -6.280452026783507613e-02 -6.864106073209318148e-02 -7.812125000086850291e-02 -9.074934508468983363e-02 -1.059862084304734053e-01 -1.228395765852559329e-01 -1.401561217481740451e-01 -1.563094643205259759e-01 -1.696185782805319509e-01 -1.779745350688878569e-01 -1.791516618162427299e-01 -1.707405299543687527e-01 -1.500326198566788727e-01 -1.142935591660021732e-01 -6.050393979244806514e-02 1.441429225044150650e-02 1.132118147142774922e-01 2.377206049845394242e-01 3.877592674835645403e-01 5.595938075777452392e-01 7.441686405317721187e-01 9.258003753790812196e-01 1.082679466946157021e+00 1.190491315901820890e+00 1.267940420474998442e+00 1.190491315901821556e+00 1.082679466946155245e+00 9.258003753790774448e-01 7.441686405317710085e-01 5.595938075777450171e-01 3.877592674835654840e-01 2.377206049845427549e-01 1.132118147142804482e-01 1.441429225044444512e-02 -6.050393979244447079e-02 -1.142935591659991618e-01 -1.500326198566755698e-01 -1.707405299543657828e-01 -1.791516618162403152e-01 -1.779745350688859140e-01 -1.696185782805298137e-01 -1.563094643205242273e-01 -1.401561217481733790e-01 -1.228395765852555999e-01 -1.059862084304729474e-01 -9.074934508468965322e-02 -7.812125000086851678e-02 -6.864106073209309822e-02 -6.280452026783454877e-02
-6.293602842933214425e-02 -6.088495207360961753e-02 -6.277005669505790475e-02 -6.849863216605277250e-02 -7.774058736579816942e-02 -9.013475478095143989e-02 -1.049344111856164441e-01 -1.212551385491629496e-01 -1.377976985413801869e-01 -1.532009891250185885e-01 -1.657090278220599289e-01 -1.734376680702570117e-01 -1.743132621436297436e-01 -1.659412815373348116e-01 -1.458637767306755206e-01 -1.112490144853598151e-01 -5.898363284335524093e-02 1.408512717955489289e-02 1.109082005082350081e-01 2.335302514204672664e-01 3.820179605372808762e-01 5.529227253431183708e-01 7.374750622216504903e-01 9.202217115788166035e-01 1.079388443652798957e+00 1.190491315901821556e+00 1.271795001008271475e+00 1.197762302471762075e+00 1.092571768816799294e+00 9.370609613651448289e-01 7.554491784169953261e-01 5.697357156523671362e-01 3.959156503979500696e-01 2.433913079510969801e-01 1.162070151638744109e-01 1.482957051162837707e-02 -6.234418731610843339e-02 -1.179071654374232725e-01 -1.548260568534690629e-01 -1.759954415357388724e-01 -1.843783639460293833e-01 -1.827095812193955948e-01 -1.735702817272802845e-01 -1.594539765722526869e-01 -1.424070614635947474e-01 -1.244375405174000387e-01 -1.070242246569620970e-01 -9.146305220332778818e-02 -7.851477416654407959e-02 -6.888137392872516196e-02
-6.923051604083871324e-02 -6.317672772940570447e-02 -6.103219491552977494e-02 -6.282585569043577789e-02 -6.836742682584960595e-02 -7.744369814999015056e-02 -8.950571097338226589e-02 -1.038890084123100660e-01 -1.195690917233966089e-01 -1.354583252051599906e-01 -1.501135103967242423e-01 -1.619628182801056970e-01 -1.692526585214368662e-01 -1.699147144857781622e-01 -1.618083765136535956e-01 -1.424001513175219280e-01 -1.087774252586222457e-01 -5.780821087421651738e-02 1.384023050282345499e-02 1.092827455951361493e-01 2.307708195582696131e-01 3.786124443408400708e-01 5.496192936825805564e-01 7.352661064270058500e-01 9.202217115788157153e-01 1.082679466946155245e+00 1.197762302471762075e+00 1.283510992936038875e+00 1.212456402324774141e+00 1.109307148688629896e+00 9.542322785313351874e-01 7.715348867513236453e-01 5.835228038825344132e-01 4.066084786225830361e-01 2.505942074410668630e-01 1.199193171564999355e-01 1.532612073775315581e-02 -6.450736222284299271e-02 -1.220354849329306213e-01 -1.600634876906857351e-01 -1.816656801585511405e-01 -1.898438806767945297e-01 -1.875203325938517018e-01 -1.775875462130112326e-01 -1.624963444861327599e-01 -1.446885674751774153e-01 -1.260299903627413176e-01 -1.081866096135193356e-01 -9.219693611100962527e-02 -7.902364368414051266e-02
-7.965889701695201552e-02 -6.970059702847888894e-02 -6.351661682893000593e-02 -6.126699180642047188e-02 -6.289095043832054754e-02 -6.830787649867729738e-02 -7.713091700574940812e-02 -8.887644232484741280e-02 -1.027477063812379382e-01 -1.178868599352172059e-01 -1.331205011873973498e-01 -1.471526517220739794e-01 -1.585203536816632841e-01 -1.654676016457032606e-01 -1.661709646169327870e-01 -1.584322558490521282e-01 -1.396484854327171010e-01 -1.069262725337612463e-01 -5.697132097788085159e-02 1.367821965080160199e-02 1.083148412642260944e-01 2.293997842644443230e-01 3.774807985889287454e-01 5.496192936825797792e-01 7.374750622216480478e-01 9.258003753790774448e-01 1.092571768816799294e+00 1.212456402324774141e+00 1.303264813202025252e+00 1.234868585525364049e+00 1.133184023169695243e+00 9.776155976972203954e-01 7.926826588446765909e-01 6.011493648249579547e-01 4.199340041247856536e-01 2.593900981987654619e-01 1.243112756388093237e-01 1.590493789343775527e-02 -6.696432989737452490e-02 -1.265362343569093884e-01 -1.657071084519755599e-01 -1.876015884373037623e-01 -1.954168378110786308e-01 -1.924269039016034966e-01 -1.815110271697337463e-01 -1.655883157091835034e-01 -1.469740179360068955e-01 -1.277758650750243086e-01 -1.093773131221651151e-01 -9.306883473030835852e-02
-9.409569778038988364e-02 -8.043794378646655641e-02 -7.028366117956745540e-02 -6.395034776257851883e-02 -6.151272983588607079e-02 -6.302303669183594026e-02 -6.823444700313116562e-02 -7.681667231144868879e-02 -8.816175073456959665e-02 -1.016035769017647195e-01 -1.161966676684342975e-01 -1.308821902805969439e-01 -1.444519559083197457e-01 -1.554342911060735133e-01 -1.623010145908788393e-01 -1.631859255677748921e-01 -1.558318947442477731e-01 -1.376801995438415582e-01 -1.056924867386328931e-01 -5.647198529168274278e-02 1.359768292305486154e-02 1.079939003868882891e-01 2.293997842644439622e-01 3.786124443408384055e-01 5.529227253431178157e-01 7.441686405317710085e-01 9.370609613651448289e-01 1.109307148688629896e+00 1.234868585525364049e+00 1.331518379059763113e+00 1.265460168688005593e+00 1.164679907023307148e+00 1.007637355301723270e+00 8.192353564793806164e-01 6.228137513100071576e-01 4.360320167588646045e-01 2.697182371142056723e-01 1.294005427951171183e-01 1.655999236606473662e-02 -6.964104558437630987e-02 -1.313863437931974687e-01 -1.716282528919393924e-01 -1.936806480757221616e-01 -2.011247129071477568e-01 -1.972624577328821738e-01 -1.855148737147150340e-01 -1.687044305325215154e-01 -1.494534061458737129e-01 -1.295664184362733118e-01 -1.107398853167834429e-01
-1.122932723995495596e-01 -9.529714484052793921e-02 -8.135082944069903232e-02 -7.097301402115624436e-02 -6.439695743003381878e-02 -6.182457187938995152e-02 -6.314198608250212730e-02 -6.815812185695460657e-02 -7.642516229774320990e-02 -8.743881537991833597e-02 -1.004439012362171729e-01 -1.145814140762153044e-01 -1.288603200622906730e-01 -1.420584297192121481e-01 -1.529100807863873202e-01 -1.598563340512983155e-01 -1.609820306900024700e-01 -1.540902084539319816e-01 -1.364949103863231927e-01 -1.050771013456209546e-01 -5.630595947110631633e-02 1.359768292305550512e-02 1.083148412642258307e-01 2.307708195582690858e-01 3.820179605372783227e-01 5.595938075777450171e-01 7.554491784169953261e-01 9.542322785313351874e-01 1.133184023169695243e+00 1.265460168688005593e+00 1.368813871688314032e+00 1.304812478131140097e+00 1.204351279227472649e+00 1.044775094428658679e+00 8.514930196266019546e-01 6.487452503686339522e-01 4.548098720244761473e-01 2.816238183525853755e-01 1.351401517190472523e-01 1.727312091105108471e-02 -7.252504902557983801e-02 -1.364833802004270513e-01 -1.777129231724716152e-01 -1.999268846066543370e-01 -2.067890564678730447e-01 -2.022112597485295482e-01 -1.895665991077072621e-01 -1.720592817276223319e-01 -1.519971594583363339e-01 -1.315692473332386037e-01
